1.499998633764517558e-02
1.499998802612603072e-02
1.499998910194621365e-02
1.499998982960478768e-02
1.499999012059375324e-02
1.499998985692472739e-02
1.499998887866723155e-02
1.499998696497116014e-02
1.499998380444360867e-02
1.499997894763009307e-02
1.499997172846866469e-02
1.499996113014388094e-02
1.499994554785901574e-02
1.499992235429043787e-02
1.499988707902869325e-02
1.499983184204450176e-02
1.499974252898793325e-02
1.499959529883979938e-02
1.499936333548899416e-02
1.499908592256066729e-02
1.499899354429889975e-02
1.499920914225673016e-02
1.499948865415771070e-02
1.499968803901152378e-02
1.499981275917842798e-02
1.499989120300047364e-02
1.499994269473641992e-02
1.499997820441837347e-02
1.500000387250882868e-02
1.500002323273623775e-02
1.500003839697890140e-02
1.500005067630126587e-02
1.500006091381530030e-02
1.500006966916106119e-02
1.500007732443498290e-02
1.500008414711912277e-02
1.500009032866378260e-02
1.500009600883400220e-02
1.500010129147940838e-02
1.500010625499342137e-02
1.500011095940068442e-02
1.500011545125422632e-02
1.500011976707982427e-02
1.500012393583809514e-02
1.500012798071078540e-02
1.500013192041450838e-02
1.500013577017911617e-02
1.500013954248481662e-02
1.500014324762346564e-02
1.500014689413023405e-02
1.500015048911866079e-02
1.500015403854289796e-02
1.500015754740464773e-02
1.500016101991759505e-02
1.500016445963900380e-02
1.500016786957565455e-02
1.500017125226963711e-02
1.500017460986815578e-02
1.500017794418063120e-02
1.500018125672555533e-02
1.500018454876908894e-02
1.500018782135693549e-02
1.500019107534069675e-02
1.500019431139969391e-02
1.500019753005902776e-02
1.500020073170445049e-02
1.500020391659462153e-02
1.500020708487108563e-02
1.500021023656631161e-02
1.500021337161007960e-02
1.500021648983439031e-02
1.500021959097706629e-02
1.500022267468423785e-02
1.500022574051173598e-02
1.500022878792553124e-02
1.500023181630126545e-02
1.500023482492292455e-02
1.500023781298068931e-02
1.500024077956795335e-02
1.500024372367756743e-02
1.500024664419725637e-02
1.500024953990422225e-02
1.500025240945892895e-02
1.500025525139799844e-02
1.500025806412624320e-02
1.500026084590773065e-02
1.500026359485593513e-02
1.500026630892283171e-02
1.500026898588697685e-02
1.500027162334048071e-02
1.500027421867492633e-02
1.500027676906609368e-02
1.500027927145763593e-02
1.500028172254362982e-02
1.500028411875015469e-02
1.500028645621594159e-02
1.500028873077238582e-02
1.500029093792311363e-02
1.500029307282360960e-02
1.500029513026138878e-02
1.500029710463758950e-02
1.500029898995093938e-02
1.500030077978557926e-02
1.500030246730448685e-02
1.500030404525088887e-02
1.500030550596069025e-02
1.500030684138974058e-02
1.500030804316078263e-02
1.500030910263610261e-02
1.500031001102327191e-02
1.500031075952293694e-02
1.500031133952937912e-02
1.500031174289623986e-02
1.500031196228154839e-02
1.500031199158740648e-02
1.500031182651015080e-02
1.500031146521581087e-02
1.500031090915242109e-02
1.500031016400412386e-02
1.500030924078065396e-02
1.500030815701846286e-02
1.500030693804516729e-02
1.500030561822682240e-02
1.500030424207868252e-02
1.500030286507809084e-02
1.500030155397967351e-02
1.500030038640868396e-02
1.500029944951214965e-02
1.500029883749449781e-02
1.500029864796572840e-02
1.500029897718773222e-02
1.500029991450264194e-02
1.500030153643185614e-02
1.500030390109478862e-02
1.500030704365954738e-02
1.500031097346551066e-02
1.500031567324730357e-02
1.500032110057914099e-02
1.500032719131925291e-02
1.500033386454767415e-02
1.500034102832007755e-02
1.500034858553163548e-02
1.500035643928267909e-02
1.500036449731768223e-02
1.500037267531676051e-02
1.500038089900739523e-02
1.500038910520532127e-02
1.500039724197764317e-02
1.500040526815355629e-02
1.500041315240171862e-02
1.500042087206329873e-02
1.500042841188934002e-02
1.500043576278928432e-02
1.500044292066070838e-02
1.500044988534018214e-02
1.500045665969309931e-02
1.500046324884478713e-02
1.500046965954558373e-02
1.500047589965700090e-02
1.500048197774367029e-02
1.500048790275527490e-02
1.500049368378346404e-02
1.500049932988012542e-02
1.500050484992509342e-02
1.500051025253322338e-02
1.500051554599233193e-02
1.500052073822508332e-02
1.500052583676926912e-02
1.500053084877189802e-02
1.500053578099369046e-02
1.500054063982111247e-02
1.500054543128389109e-02
1.500055016107635156e-02
1.500055483458142408e-02
1.500055945689638889e-02
1.500056403285978356e-02
1.500056856707905270e-02
1.500057306395871475e-02
1.500057752772892064e-02
1.500058196247448100e-02
1.500058637216440845e-02
1.500059076068227353e-02
1.500059513185758239e-02
1.500059948949865156e-02
1.500060383742742032e-02
1.500060817951679934e-02
1.500061251973132913e-02
1.500061686217194976e-02
1.500062121112603723e-02
1.500062557112397284e-02
1.500062994700381187e-02
1.500063434398612658e-02
1.500063876776137374e-02
1.500064322459291818e-02
1.500064772143955803e-02
1.500065226610242282e-02
1.500065686740246866e-02
1.500066153539659358e-02
1.500066628164265815e-02
1.500067111952689373e-02
1.500067606467126065e-02
1.500068113544414730e-02
1.500068635360528313e-02
1.500069174512659413e-02
1.500069734124524594e-02
1.500070317982574002e-02
1.500070930713684296e-02
1.500071578019011344e-02
1.500072266984545967e-02
1.500073006497348697e-02
1.500073807808584118e-02
1.500074685302048988e-02
1.500075657552048941e-02
1.500076748790033117e-02
1.500077990947625874e-02
1.500079426503676990e-02
1.500081112421230121e-02
1.500083125465819997e-02
1.500085568992918020e-02
1.500088580446806708e-02
1.500092336217009534e-02
1.500097043605634617e-02
1.500102893887881282e-02
1.500109923299590420e-02
1.500117716332431163e-02
1.500125011431328870e-02
1.500129702666752607e-02
1.500129965192334956e-02
1.500125848682676982e-02
1.500119228193352340e-02
1.500112186581209310e-02
1.500105942094663407e-02
1.500100881801182118e-02
1.500096957729527350e-02
1.500093975959487270e-02
1.500091730051089645e-02
1.500090045369303383e-02
1.500088786159726323e-02
1.500087850436192249e-02
1.500087162473890887e-02
1.500086666082378443e-02
1.500086319353959377e-02
1.500086090782014152e-02
1.500085956455591771e-02
1.500085898046503961e-02
1.500085901364146997e-02
1.500085955312846324e-02
1.500086051134171851e-02
1.500086181851673431e-02
1.500086341860287428e-02
1.500086526619922103e-02
1.500086732424696714e-02
1.500086956227601395e-02
1.500087195506113330e-02
1.500087448158347360e-02
1.500087712422161317e-02
1.500087986811667572e-02
1.500088270067041936e-02
1.500088561114572457e-02
1.500088859034654637e-02
1.500089163035988465e-02
1.500089472434657130e-02
1.500089786637067921e-02
1.500090105125967931e-02
1.500090427448923756e-02
1.500090753208785897e-02
1.500091082055758814e-02
1.500091413680781222e-02
1.500091747809972897e-02
1.500092084199964280e-02
1.500092422633948416e-02
1.500092762918335716e-02
1.500093104879909704e-02
1.500093448363398578e-02
1.500093793229400826e-02
1.500094139352602801e-02
1.500094486620246435e-02
1.500094834930809119e-02
1.500095184192859130e-02
1.500095534324069786e-02
1.500095885250356427e-02
1.500096236905131518e-02
1.500096589228652050e-02
1.500096942167450029e-02
1.500097295673834610e-02
1.500097649705454950e-02
1.500098004224916480e-02
1.500098359199443683e-02
1.500098714600581716e-02
1.500099070403932908e-02
1.500099426588925519e-02
1.500099783138606792e-02
1.500100140039459240e-02
1.500100497281239322e-02
1.500100854856830680e-02
1.500101212762116124e-02
1.500101570995861396e-02
1.500101929559611441e-02
1.500102288457599679e-02
1.500102647696662309e-02
1.500103007286165621e-02
1.500103367237939911e-02
1.500103727566219104e-02
1.500104088287587158e-02
1.500104449420931220e-02
1.500104810987399305e-02
1.500105173010362648e-02
1.500105535515383268e-02
1.500105898530184646e-02
1.500106262084627794e-02
1.500106626210688174e-02
1.500106990942440092e-02
1.500107356316040391e-02
1.500107722369716651e-02
1.500108089143758344e-02
1.500108456680508164e-02
1.500108825024358203e-02
1.500109194221745448e-02
1.500109564321149003e-02
1.500109935373088871e-02
1.500110307430122490e-02
1.500110680546843343e-02
1.500111054779876621e-02
1.500111430187872283e-02
1.500111806831495864e-02
1.500112184773414077e-02
1.500112564078275555e-02
1.500112944812681016e-02
1.500113327045149089e-02
1.500113710846065138e-02
1.500114096287621587e-02
1.500114483443738128e-02
1.500114872389963529e-02
1.500115263203355247e-02
1.500115655962331804e-02
1.500116050746494283e-02
1.500116447636410874e-02
1.500116846713361873e-02
1.500117248059037664e-02
1.500117651755179631e-02
1.500118057883165386e-02
1.500118466523521835e-02
1.500118877755361041e-02
1.500119291655732136e-02
1.500119708298875906e-02
1.500120127755373567e-02
1.500120550091179131e-02
1.500120975366524972e-02
1.500121403634688440e-02
1.500121834940611708e-02
1.500122269319362732e-02
1.500122706794427586e-02
1.500123147375834361e-02
1.500123591058094216e-02
1.500124037817968103e-02
1.500124487612056710e-02
1.500124940374226307e-02
1.500125396012884013e-02
1.500125854408129907e-02
1.500126315408817010e-02
1.500126778829567048e-02
1.500127244447799213e-02
1.500127712000844972e-02
1.500128181183236695e-02
1.500128651644270193e-02
1.500129122985965208e-02
1.500129594761550472e-02
1.500130066474620986e-02
1.500130537579119107e-02
1.500131007480296277e-02
1.500131475536805106e-02
1.500131941064063341e-02
1.500132403339006493e-02
1.500132861606312193e-02
1.500133315086137759e-02
1.500133762983351000e-02
1.500134204498174313e-02
1.500134638838082624e-02
1.500135065230722570e-02
1.500135482937539275e-02
1.500135891267734625e-02
1.500136289592111753e-02
1.500136677356332486e-02
1.500137054093093024e-02
1.500137419432736458e-02
1.500137773111863415e-02
1.500138114979570995e-02
1.500138445001042431e-02
1.500138763258332050e-02
1.500139069948302692e-02
1.500139365377814449e-02
1.500139649956373951e-02
1.500139924186569447e-02
1.500140188652690151e-02
1.500140444007997363e-02
1.500140690961133602e-02
1.500140930262159125e-02
1.500141162688683853e-02
1.500141389032502368e-02
1.500141610087089156e-02
1.500141826636229407e-02
1.500142039443983118e-02
1.500142249246107923e-02
1.500142456742993916e-02
1.500142662594097093e-02
1.500142867413815743e-02
1.500143071768704310e-02
1.500143276175902596e-02
1.500143481102626276e-02
1.500143686966571265e-02
1.500143894137073546e-02
1.500144102936874085e-02
1.500144313644352634e-02
1.500144526496101534e-02
1.500144741689729208e-02
1.500144959386796005e-02
1.500145179715805209e-02
1.500145402775176877e-02
1.500145628636160092e-02
1.500145857345635408e-02
1.500146088928786155e-02
1.500146323391607708e-02
1.500146560723253364e-02
1.500146800898201523e-02
1.500147043878245767e-02
1.500147289614311291e-02
1.500147538048100804e-02
1.500147789113579280e-02
1.500148042738305362e-02
1.500148298844621898e-02
1.500148557350709962e-02
1.500148818171525948e-02
1.500149081219624876e-02
1.500149346405882204e-02
1.500149613640128742e-02
1.500149882831697777e-02
1.500150153889904560e-02
1.500150426724456559e-02
1.500150701245808044e-02
1.500150977365462442e-02
1.500151254996229949e-02
1.500151534052445064e-02
1.500151814450148037e-02
1.500152096107238743e-02
1.500152378943599152e-02
1.500152662881196024e-02
1.500152947844160881e-02
1.500153233758852976e-02
1.500153520553904572e-02
1.500153808160254246e-02
1.500154096511166144e-02
1.500154385542237442e-02
1.500154675191398869e-02
1.500154965398901689e-02
1.500155256107299322e-02
1.500155547261419232e-02
1.500155838808329110e-02
1.500156130697293498e-02
1.500156422879723658e-02
1.500156715309123798e-02
1.500157007941025321e-02
1.500157300732916400e-02
1.500157593644164782e-02
1.500157886635930873e-02
1.500158179671075287e-02
1.500158472714054926e-02
1.500158765730813526e-02
1.500159058688659529e-02
1.500159351556135633e-02
1.500159644302875850e-02
1.500159936899451811e-02
1.500160229317204670e-02
1.500160521528063305e-02
1.500160813504346387e-02
1.500161105218545191e-02
1.500161396643090624e-02
1.500161687750092669e-02
1.500161978511059709e-02
1.500162268896586618e-02
1.500162558876012853e-02
1.500162848417041332e-02
1.500163137485318807e-02
1.500163426043964361e-02
1.500163714053044661e-02
1.500164001468981025e-02
1.500164288243885195e-02
1.500164574324799882e-02
1.500164859652839203e-02
1.500165144162204749e-02
1.500165427779051250e-02
1.500165710420182236e-02
1.500165991991534060e-02
1.500166272386408393e-02
1.500166551483403908e-02
1.500166829143981598e-02
1.500167105209583920e-02
1.500167379498207852e-02
1.500167651800311634e-02
1.500167921873893535e-02
1.500168189438541404e-02
1.500168454168205635e-02
1.500168715682352778e-02
1.500168973535083092e-02
1.500169227201647928e-02
1.500169476061626386e-02
1.500169719377787009e-02
1.500169956269312675e-02
1.500170185677609375e-02
1.500170406322254811e-02
1.500170616643708987e-02
1.500170814728052533e-02
1.500170998207034541e-02
1.500171164123763161e-02
1.500171308749938086e-02
1.500171427333684554e-02
1.500171513746406844e-02
1.500171559980071657e-02
1.500171555418660686e-02
1.500171485761409192e-02
1.500171331396604225e-02
1.500171064886317816e-02
1.500170646972228891e-02
1.500170020046329503e-02
1.500169097133149422e-02
1.500167742651143700e-02
1.500165737607678934e-02
1.500162714511603379e-02
1.500158033087381146e-02
1.500150548114468838e-02
1.500138251287729159e-02
1.500118279733518058e-02
1.500090625542694137e-02
1.500071279357904908e-02
1.500083437764319731e-02
1.500112017506322580e-02
1.500135189870605880e-02
1.500150008260409291e-02
1.500159242098470652e-02
1.500165200599646621e-02
1.500169237246348417e-02
1.500172107396275864e-02
1.500174240492973578e-02
1.500175889619519143e-02
1.500177209781971416e-02
1.500178299438654356e-02
1.500179223227400896e-02
1.500180024850067233e-02
1.500180734635218893e-02
1.500181374123794528e-02
1.500181958933726953e-02
1.500182500598554527e-02
1.500183007776809477e-02
1.500183487065404400e-02
1.500183943557832286e-02
1.500184381234333404e-02
1.500184803239220863e-02
1.500185212081033177e-02
1.500185609779039822e-02
1.500185997971868225e-02
1.500186377999009057e-02
1.500186750962651840e-02
1.500187117775070300e-02
1.500187479195286798e-02
1.500187835857683810e-02
1.500188188294514745e-02
1.500188536953750082e-02
1.500188882213322750e-02
1.500189224392572268e-02
1.500189563761492213e-02
1.500189900548245907e-02
1.500190234945297622e-02
1.500190567114443110e-02
1.500190897190944138e-02
1.500191225286944333e-02
1.500191551494287588e-02
1.500191875886855604e-02
1.500192198522499153e-02
1.500192519444634026e-02
1.500192838683556996e-02
1.500193156257518569e-02
1.500193472173594160e-02
1.500193786428381110e-02
1.500194099008537660e-02
1.500194409891189747e-02
1.500194719044219659e-02
1.500195026426440204e-02
1.500195331987674158e-02
1.500195635668739348e-02
1.500195937401346651e-02
1.500196237107911945e-02
1.500196534701290010e-02
1.500196830084426364e-02
1.500197123149927918e-02
1.500197413779553145e-02
1.500197701843620189e-02
1.500197987200328764e-02
1.500198269694994271e-02
1.500198549159189806e-02
1.500198825409795877e-02
1.500199098247944132e-02
1.500199367457866716e-02
1.500199632805632524e-02
1.500199894037774172e-02
1.500200150879806363e-02
1.500200403034629947e-02
1.500200650180826337e-02
1.500200891970849236e-02
1.500201128029119736e-02
1.500201357950049254e-02
1.500201581296006434e-02
1.500201797595270871e-02
1.500202006340024818e-02
1.500202206984446729e-02
1.500202398943010704e-02
1.500202581589108776e-02
1.500202754254168457e-02
1.500202916227471803e-02
1.500203066756965187e-02
1.500203205051395608e-02
1.500203330284239148e-02
1.500203441599956902e-02
1.500203538123286509e-02
1.500203618972391524e-02
1.500203683276884158e-02
1.500203730201898032e-02
1.500203758979567342e-02
1.500203768949407920e-02
1.500203759609184534e-02
1.500203730677793050e-02
1.500203682171480889e-02
1.500203614494167829e-02
1.500203528541708617e-02
1.500203425818421449e-02
1.500203308562025363e-02
1.500203179870174090e-02
1.500203043818118531e-02
1.500202905552867373e-02
1.500202771345144313e-02
1.500202648577353068e-02
1.500202545644948628e-02
1.500202471751600590e-02
1.500202436586633992e-02
1.500202449887046152e-02
1.500202520905060712e-02
1.500202657822949891e-02
1.500202867175132182e-02
1.500203153347932396e-02
1.500203518225283819e-02
1.500203961032358334e-02
1.500204478400944848e-02
1.500205064646556972e-02
1.500205712215814044e-02
1.500206412240893440e-02
1.500207155129840673e-02
1.500207931127162976e-02
1.500208730794777047e-02
1.500209545383767405e-02
1.500210367087378982e-02
1.500211189181718287e-02
1.500212006071091793e-02
1.500212813259892315e-02
1.500213607273518171e-02
1.500214385548498223e-02
1.500215146308192526e-02
1.500215888436231410e-02
1.500216611355944217e-02
1.500217314920765030e-02
1.500217999318111464e-02
1.500218664987447437e-02
1.500219312552096042e-02
1.500219942763661440e-02
1.500220556457602418e-02
1.500221154518367218e-02
1.500221737852551300e-02
1.500222307368667685e-02
1.500222863962263203e-02
1.500223408505319857e-02
1.500223941839026395e-02
1.500224464769178007e-02
1.500224978063601292e-02
1.500225482451112737e-02
1.500225978621631817e-02
1.500226467227139780e-02
1.500226948883257722e-02
1.500227424171259039e-02
1.500227893640386154e-02
1.500228357810372108e-02
1.500228817174095383e-02
1.500229272200322497e-02
1.500229723336508371e-02
1.500230171011639538e-02
1.500230615639118643e-02
1.500231057619699424e-02
1.500231497344491072e-02
1.500231935198054201e-02
1.500232371561631591e-02
1.500232806816553278e-02
1.500233241347873059e-02
1.500233675548307347e-02
1.500234109822554986e-02
1.500234544592095494e-02
1.500234980300599666e-02
1.500235417420082290e-02
1.500235856458000117e-02
1.500236297965504804e-02
1.500236742547148179e-02
1.500237190872383969e-02
1.500237643689320867e-02
1.500238101841295212e-02
1.500238566286992911e-02
1.500239038125062395e-02
1.500239518624442089e-02
1.500240009261996632e-02
1.500240511769570032e-02
1.500241028193251107e-02
1.500241560968590925e-02
1.500242113016818542e-02
1.500242687868926991e-02
1.500243289827042810e-02
1.500243924176125794e-02
1.500244597464183739e-02
1.500245317876589858e-02
1.500246095740744891e-02
1.500246944212714137e-02
1.500247880219606617e-02
1.500248925762959207e-02
1.500250109731875170e-02
1.500251470430971276e-02
1.500253059090060972e-02
1.500254944657061947e-02
1.500257220076624091e-02
1.500260009721299075e-02
1.500263475870947105e-02
1.500267817207609489e-02
1.500273240322424172e-02
1.500279861703584551e-02
1.500287472672241947e-02
1.500295152992809494e-02
1.500301039043028944e-02
1.500303005376031444e-02
1.500300312609737126e-02
1.500294327916098375e-02
1.500287246838201763e-02
1.500280638423589531e-02
1.500275145215543803e-02
1.500270832983733801e-02
1.500267538148683348e-02
1.500265050567099398e-02
1.500263182266775401e-02
1.500261783849185168e-02
1.500260742081500724e-02
1.500259972671461398e-02
1.500259413108445163e-02
1.500259016875201377e-02
1.500258749106739807e-02
1.500258583434590717e-02
1.500258499719164980e-02
1.500258482423009847e-02
1.500258519439573446e-02
1.500258601244414472e-02
1.500258720275091280e-02
1.500258870474103015e-02
1.500259046948914689e-02
1.500259245716748478e-02
1.500259463511277938e-02
1.500259697634927919e-02
1.500259945845062136e-02
1.500260206265582007e-02
1.500260477317726104e-02
1.500260757665504083e-02
1.500261046172369182e-02
1.500261341866584476e-02
1.500261643913364425e-02
1.500261951592332492e-02
1.500262264279174883e-02
1.500262581430630501e-02
1.500262902572148047e-02
1.500263227287683410e-02
1.500263555211234050e-02
1.500263886019775027e-02
1.500264219427349666e-02
1.500264555180100268e-02
1.500264893052075804e-02
1.500265232841683886e-02
1.500265574368674776e-02
1.500265917471574513e-02
1.500266262005488065e-02
1.500266607840219056e-02
1.500266954858651795e-02
1.500267302955358463e-02
1.500267652035395388e-02
1.500268002013262561e-02
1.500268352811998801e-02
1.500268704362396274e-02
1.500269056602317186e-02
1.500269409476093392e-02
1.500269762934007198e-02
1.500270116931831307e-02
1.500270471430427584e-02
1.500270826395392471e-02
1.500271181796746824e-02
1.500271537608660957e-02
1.500271893809209355e-02
1.500272250380158510e-02
1.500272607306774204e-02
1.500272964577650629e-02
1.500273322184561726e-02
1.500273680122324142e-02
1.500274038388678399e-02
1.500274396984180650e-02
1.500274755912105705e-02
1.500275115178362206e-02
1.500275474791414564e-02
1.500275834762213219e-02
1.500276195104133584e-02
1.500276555832920182e-02
1.500276916966636169e-02
1.500277278525621177e-02
1.500277640532450552e-02
1.500278003011902214e-02
1.500278365990925095e-02
1.500278729498613801e-02
1.500279093566186071e-02
1.500279458226963687e-02
1.500279823516355478e-02
1.500280189471846562e-02
1.500280556132984992e-02
1.500280923541376897e-02
1.500281291740677460e-02
1.500281660776589011e-02
1.500282030696857040e-02
1.500282401551267589e-02
1.500282773391646216e-02
1.500283146271854870e-02
1.500283520247788424e-02
1.500283895377370336e-02
1.500284271720542413e-02
1.500284649339254234e-02
1.500285028297444062e-02
1.500285408661014910e-02
1.500285790497800364e-02
1.500286173877520869e-02
1.500286558871727349e-02
1.500286945553728005e-02
1.500287333998498625e-02
1.500287724282568791e-02
1.500288116483887262e-02
1.500288510681651102e-02
1.500288906956107927e-02
1.500289305388314079e-02
1.500289706059849439e-02
1.500290109052481065e-02
1.500290514447769237e-02
1.500290922326606019e-02
1.500291332768681832e-02
1.500291745851867198e-02
1.500292161651503413e-02
1.500292580239592083e-02
1.500293001683868782e-02
1.500293426046756320e-02
1.500293853384182877e-02
1.500294283744255282e-02
1.500294717165777739e-02
1.500295153676607131e-02
1.500295593291836246e-02
1.500296036011802663e-02
1.500296481819916872e-02
1.500296930680315374e-02
1.500297382535344635e-02
1.500297837302886836e-02
1.500298294873554823e-02
1.500298755107778645e-02
1.500299217832833099e-02
1.500299682839852794e-02
1.500300149880907929e-02
1.500300618666218326e-02
1.500301088861605812e-02
1.500301560086297198e-02
1.500302031911202559e-02
1.500302503857816813e-02
1.500302975397884396e-02
1.500303445953992017e-02
1.500303914901236248e-02
1.500304381570115482e-02
1.500304845250772373e-02
1.500305305198680952e-02
1.500305760641839313e-02
1.500306210789468901e-02
1.500306654842164730e-02
1.500307092003364505e-02
1.500307521491932652e-02
1.500307942555573724e-02
1.500308354484717471e-02
1.500308756626458559e-02
1.500309148398080300e-02
1.500309529299677369e-02
1.500309898925381892e-02
1.500310256972741361e-02
1.500310603249846615e-02
1.500310937679900578e-02
1.500311260303020464e-02
1.500311571275196425e-02
1.500311870864449830e-02
1.500312159444363788e-02
1.500312437485273181e-02
1.500312705543484573e-02
1.500312964248978059e-02
1.500313214292069673e-02
1.500313456409526312e-02
1.500313691370613357e-02
1.500313919963504501e-02
1.500314142982433867e-02
1.500314361215887744e-02
1.500314575436076034e-02
1.500314786389816968e-02
1.500314994790929307e-02
1.500315201314129585e-02
1.500315406590400566e-02
1.500315611203736736e-02
1.500315815689154050e-02
1.500316020531814419e-02
1.500316226167120598e-02
1.500316432981621886e-02
1.500316641314577287e-02
1.500316851460036481e-02
1.500317063669305041e-02
1.500317278153676798e-02
1.500317495087332212e-02
1.500317714610317592e-02
1.500317936831532112e-02
1.500318161831667128e-02
1.500318389666052167e-02
1.500318620367376357e-02
1.500318853948257210e-02
1.500319090403647027e-02
1.500319329713063927e-02
1.500319571842646110e-02
1.500319816747029342e-02
1.500320064371055313e-02
1.500320314651311208e-02
1.500320567517516267e-02
1.500320822893761417e-02
1.500321080699611349e-02
1.500321340851082548e-02
1.500321603261505453e-02
1.500321867842283573e-02
1.500322134503555629e-02
1.500322403154776864e-02
1.500322673705217942e-02
1.500322946064402280e-02
1.500323220142478660e-02
1.500323495850541811e-02
1.500323773100905277e-02
1.500324051807332658e-02
1.500324331885232419e-02
1.500324613251820260e-02
1.500324895826252516e-02
1.500325179529736833e-02
1.500325464285618381e-02
1.500325750019449594e-02
1.500326036659041344e-02
1.500326324134500580e-02
1.500326612378253578e-02
1.500326901325059470e-02
1.500327190912011284e-02
1.500327481078528313e-02
1.500327771766339982e-02
1.500328062919460866e-02
1.500328354484158251e-02
1.500328646408913107e-02
1.500328938644373243e-02
1.500329231143298671e-02
1.500329523860500884e-02
1.500329816752775380e-02
1.500330109778825680e-02
1.500330402899180578e-02
1.500330696076103421e-02
1.500330989273492011e-02
1.500331282456772615e-02
1.500331575592780617e-02
1.500331868649635268e-02
1.500332161596599177e-02
1.500332454403929990e-02
1.500332747042718018e-02
1.500333039484707566e-02
1.500333331702108017e-02
1.500333623667380809e-02
1.500333915353014441e-02
1.500334206731273462e-02
1.500334497773925767e-02
1.500334788451941452e-02
1.500335078735164085e-02
1.500335368591942421e-02
1.500335657988726389e-02
1.500335946889615711e-02
1.500336235255853891e-02
1.500336523045262688e-02
1.500336810211604262e-02
1.500337096703857794e-02
1.500337382465398786e-02
1.500337667433061795e-02
1.500337951536064550e-02
1.500338234694767459e-02
1.500338516819239333e-02
1.500338797807586853e-02
1.500339077544000921e-02
1.500339355896463181e-02
1.500339632714036212e-02
1.500339907823648733e-02
1.500340181026257359e-02
1.500340452092247152e-02
1.500340720755879639e-02
1.500340986708560177e-02
1.500341249590620221e-02
1.500341508981230081e-02
1.500341764385928686e-02
1.500342015221107182e-02
1.500342260794561809e-02
1.500342500280933515e-02
1.500342732690438351e-02
1.500342956828711570e-02
1.500343171244763844e-02
1.500343374162865610e-02
1.500343563392444839e-02
1.500343736207539365e-02
1.500343889183513094e-02
1.500344017972925909e-02
1.500344116993370357e-02
1.500344178985780867e-02
1.500344194378552994e-02
1.500344150354555005e-02
1.500344029453320842e-02
1.500343807428092431e-02
1.500343449875922441e-02
1.500342906787757030e-02
1.500342103459160331e-02
1.500340924816506195e-02
1.500339187419064135e-02
1.500336587683251746e-02
1.500332603490444824e-02
1.500326307237332193e-02
1.500316044148711919e-02
1.500299157975301494e-02
1.500273620889601423e-02
1.500247964824414151e-02
1.500248136687883094e-02
1.500274316671978102e-02
1.500300532370509032e-02
1.500318102464302632e-02
1.500329025994275034e-02
1.500335965696174972e-02
1.500340583542655003e-02
1.500343811394891542e-02
1.500346173674120369e-02
1.500347975213611913e-02
1.500349400151404673e-02
1.500350563962864377e-02
1.500351541590711282e-02
1.500352383188604047e-02
1.500353123248505775e-02
1.500353786072117918e-02
1.500354389153321123e-02
1.500354945328680363e-02
1.500355464179901899e-02
1.500355952969769160e-02
1.500356417279921292e-02
1.500356861453792413e-02
1.500357288909601010e-02
1.500357702365035829e-02
1.500358104000908653e-02
1.500358495581945520e-02
1.500358878547042828e-02
1.500359254077474405e-02
1.500359623148977799e-02
1.500359986571916764e-02
1.500360345022529879e-02
1.500360699067445486e-02
1.500361049183064621e-02
1.500361395770995199e-02
1.500361739170425271e-02
1.500362079668098383e-02
1.500362417506406407e-02
1.500362752889982006e-02
1.500363085991097273e-02
1.500363416954098722e-02
1.500363745899063565e-02
1.500364072924819867e-02
1.500364398111445757e-02
1.500364721522337401e-02
1.500365043205920297e-02
1.500365363197058051e-02
1.500365681518209086e-02
1.500365998180367214e-02
1.500366313183816407e-02
1.500366626518725988e-02
1.500366938165602002e-02
1.500367248095616640e-02
1.500367556270823348e-02
1.500367862644268017e-02
1.500368167160008766e-02
1.500368469753042208e-02
1.500368770349149415e-02
1.500369068864654785e-02
1.500369365206108072e-02
1.500369659269884873e-02
1.500369950941705249e-02
1.500370240096071325e-02
1.500370526595620757e-02
1.500370810290393465e-02
1.500371091017005214e-02
1.500371368597732541e-02
1.500371642839494479e-02
1.500371913532736259e-02
1.500372180450205289e-02
1.500372443345619929e-02
1.500372701952225156e-02
1.500372955981237738e-02
1.500373205120179160e-02
1.500373449031104124e-02
1.500373687348727572e-02
1.500373919678470863e-02
1.500374145594445159e-02
1.500374364637405145e-02
1.500374576312716972e-02
1.500374780088408085e-02
1.500374975393377330e-02
1.500375161615884190e-02
1.500375338102464748e-02
1.500375504157469911e-02
1.500375659043479137e-02
1.500375801982915813e-02
1.500375932161268112e-02
1.500376048732436456e-02
1.500376150826842649e-02
1.500376237563081847e-02
1.500376308064066758e-02
1.500376361478773443e-02
1.500376397010891316e-02
1.500376413955822712e-02
1.500376411747595881e-02
1.500376390017263070e-02
1.500376348664202338e-02
1.500376287941335499e-02
1.500376208554490831e-02
1.500376111774850800e-02
1.500375999561501944e-02
1.500375874688426175e-02
1.500375740866849959e-02
1.500375602849848312e-02
1.500375466501903399e-02
1.500375338812547088e-02
1.500375227831416032e-02
1.500375142503488843e-02
1.500375092389423688e-02
1.500375087267675871e-02
1.500375136632215757e-02
1.500375249120122767e-02
1.500375431923132649e-02
1.500375690251047958e-02
1.500376026917697898e-02
1.500376442108894426e-02
1.500376933367392890e-02
1.500377495797167691e-02
1.500378122456061565e-02
1.500378804879948756e-02
1.500379533668395535e-02
1.500380299062797039e-02
1.500381091460580192e-02
1.500381901828395405e-02
1.500382721997844081e-02
1.500383544845051292e-02
1.500384364367917528e-02
1.500385175681761933e-02
1.500385974956048446e-02
1.500386759313448830e-02
1.500387526709078684e-02
1.500388275803576921e-02
1.500389005839625721e-02
1.500389716527988394e-02
1.500390407946365981e-02
1.500391080452350388e-02
1.500391734610385941e-02
1.500392371131810745e-02
1.500392990826595989e-02
1.500393594565222442e-02
1.500394183249124068e-02
1.500394757788233065e-02
1.500395319084308135e-02
1.500395868018909555e-02
1.500396405445051859e-02
1.500396932181737725e-02
1.500397449010716817e-02
1.500397956674944314e-02
1.500398455878317744e-02
1.500398947286363943e-02
1.500399431527616595e-02
1.500399909195493202e-02
1.500400380850515011e-02
1.500400847022765466e-02
1.500401308214504258e-02
1.500401764902883038e-02
1.500402217542728261e-02
1.500402666569370692e-02
1.500403112401514118e-02
1.500403555444152111e-02
1.500403996091544817e-02
1.500404434730279180e-02
1.500404871742446258e-02
1.500405307508979706e-02
1.500405742413202237e-02
1.500406176844647395e-02
1.500406611203231565e-02
1.500407045903871806e-02
1.500407481381658449e-02
1.500407918097725057e-02
1.500408356545983313e-02
1.500408797260933610e-02
1.500409240826813990e-02
1.500409687888411107e-02
1.500410139163949746e-02
1.500410595460579567e-02
1.500411057693129893e-02
1.500411526906989673e-02
1.500412004306224574e-02
1.500412491288382125e-02
1.500412989487888080e-02
1.500413500830560798e-02
1.500414027602605185e-02
1.500414572538620421e-02
1.500415138934758572e-02
1.500415730795440390e-02
1.500416353025222499e-02
1.500417011681932054e-02
1.500417714313697672e-02
1.500418470411829519e-02
1.500419292024987583e-02
1.500420194599532547e-02
1.500421198138738796e-02
1.500422328812461674e-02
1.500423621200730820e-02
1.500425121416383047e-02
1.500426891402916775e-02
1.500429014673023732e-02
1.500431603430518908e-02
1.500434805834411495e-02
1.500438808697364922e-02
1.500443822050626097e-02
1.500450012881781627e-02
1.500457327150765685e-02
1.500465147303717273e-02
1.500471935616549783e-02
1.500475500408218928e-02
1.500474421515838805e-02
1.500469370261039645e-02
1.500462453675407461e-02
1.500455560418350980e-02
1.500449639795469609e-02
1.500444916982960307e-02
1.500441281610395867e-02
1.500438528120304552e-02
1.500436457046605207e-02
1.500434904935858162e-02
1.500433746348744761e-02
1.500432887499689345e-02
1.500432258815918851e-02
1.500431808616142088e-02
1.500431498274469068e-02
1.500431298675756857e-02
1.500431187661546359e-02
1.500431148198089031e-02
1.500431167059588719e-02
1.500431233876368953e-02
1.500431340441566244e-02
1.500431480201751093e-02
1.500431647879276083e-02
1.500431839189707468e-02
1.500432050628473443e-02
1.500432279308351255e-02
1.500432522834612911e-02
1.500432779208319897e-02
1.500433046750830439e-02
1.500433324044422000e-02
1.500433609885260498e-02
1.500433903245894894e-02
1.500434203245155050e-02
1.500434509123843227e-02
1.500434820224992929e-02
1.500435135977745520e-02
1.500435455884117399e-02
1.500435779508080096e-02
1.500436106466512126e-02
1.500436436421664389e-02
1.500436769074862259e-02
1.500437104161219531e-02
1.500437441445183137e-02
1.500437780716768442e-02
1.500438121788361806e-02
1.500438464492002792e-02
1.500438808677060677e-02
1.500439154208247153e-02
1.500439500963907970e-02
1.500439848834555535e-02
1.500440197721599617e-02
1.500440547536249954e-02
1.500440898198566672e-02
1.500441249636633861e-02
1.500441601785840358e-02
1.500441954588251948e-02
1.500442307992064066e-02
1.500442661951120402e-02
1.500443016424493105e-02
1.500443371376111376e-02
1.500443726774436555e-02
1.500444082592172941e-02
1.500444438806015912e-02
1.500444795396425543e-02
1.500445152347427459e-02
1.500445509646436242e-02
1.500445867284096700e-02
1.500446225254145095e-02
1.500446583553282157e-02
1.500446942181061886e-02
1.500447301139791294e-02
1.500447660434440188e-02
1.500448020072561207e-02
1.500448380064218004e-02
1.500448740421920016e-02
1.500449101160565395e-02
1.500449462297388271e-02
1.500449823851914694e-02
1.500450185845919431e-02
1.500450548303391973e-02
1.500450911250503748e-02
1.500451274715580360e-02
1.500451638729078697e-02
1.500452003323565590e-02
1.500452368533701508e-02
1.500452734396225986e-02
1.500453100949946522e-02
1.500453468235729733e-02
1.500453836296495105e-02
1.500454205177209621e-02
1.500454574924884113e-02
1.500454945588571357e-02
1.500455317219364162e-02
1.500455689870392254e-02
1.500456063596820357e-02
1.500456438455843172e-02
1.500456814506678609e-02
1.500457191810555639e-02
1.500457570430699904e-02
1.500457950432311505e-02
1.500458331882534475e-02
1.500458714850415841e-02
1.500459099406856178e-02
1.500459485624541442e-02
1.500459873577858483e-02
1.500460263342792699e-02
1.500460654996800015e-02
1.500461048618649540e-02
1.500461444288235871e-02
1.500461842086354622e-02
1.500462242094432325e-02
1.500462644394211058e-02
1.500463049067373919e-02
1.500463456195109610e-02
1.500463865857606591e-02
1.500464278133465355e-02
1.500464693099023451e-02
1.500465110827583007e-02
1.500465531388525675e-02
1.500465954846312566e-02
1.500466381259350952e-02
1.500466810678720980e-02
1.500467243146750770e-02
1.500467678695432440e-02
1.500468117344667084e-02
1.500468559100337149e-02
1.500469003952199266e-02
1.500469451871600142e-02
1.500469902809020532e-02
1.500470356691454774e-02
1.500470813419651182e-02
1.500471272865231548e-02
1.500471734867736898e-02
1.500472199231638396e-02
1.500472665723382934e-02
1.500473134068547841e-02
1.500473603949194906e-02
1.500474075001532494e-02
1.500474546814009949e-02
1.500475018925975616e-02
1.500475490827050951e-02
1.500475961957370950e-02
1.500476431708848250e-02
1.500476899427609714e-02
1.500477364417738234e-02
1.500477825946434571e-02
1.500478283250661522e-02
1.500478735545308050e-02
1.500479182032825841e-02
1.500479621914245498e-02
1.500480054401387431e-02
1.500480478730013834e-02
1.500480894173590769e-02
1.500481300057257029e-02
1.500481695771556725e-02
1.500482080785438613e-02
1.500482454658041108e-02
1.500482817048785431e-02
1.500483167725349953e-02
1.500483506569192174e-02
1.500483833578358968e-02
1.500484148867470453e-02
1.500484452664871231e-02
1.500484745307079787e-02
1.500485027230779971e-02
1.500485298962702004e-02
1.500485561107816300e-02
1.500485814336312632e-02
1.500486059369856434e-02
1.500486296967607977e-02
1.500486527912456118e-02
1.500486752997863896e-02
1.500486973015657637e-02
1.500487188745015278e-02
1.500487400942831888e-02
1.500487610335565422e-02
1.500487817612594470e-02
1.500488023421065603e-02
1.500488228362157304e-02
1.500488432988648577e-02
1.500488637803660749e-02
1.500488843260422075e-02
1.500489049762897438e-02
1.500489257667134146e-02
1.500489467283171174e-02
1.500489678877382077e-02
1.500489892675119924e-02
1.500490108863571787e-02
1.500490327594713666e-02
1.500490548988303759e-02
1.500490773134844497e-02
1.500491000098466178e-02
1.500491229919695933e-02
1.500491462618084790e-02
1.500491698194672020e-02
1.500491936634281744e-02
1.500492177907639287e-02
1.500492421973312514e-02
1.500492668779479857e-02
1.500492918265530773e-02
1.500493170363504866e-02
1.500493424999384436e-02
1.500493682094243379e-02
1.500493941565269988e-02
1.500494203326669003e-02
1.500494467290455942e-02
1.500494733367154464e-02
1.500495001466404209e-02
1.500495271497489375e-02
1.500495543369797027e-02
1.500495816993211752e-02
1.500496092278454617e-02
1.500496369137372527e-02
1.500496647483183683e-02
1.500496927230685409e-02
1.500497208296426577e-02
1.500497490598852630e-02
1.500497774058422162e-02
1.500498058597703709e-02
1.500498344141448955e-02
1.500498630616652410e-02
1.500498917952592173e-02
1.500499206080859425e-02
1.500499494935374038e-02
1.500499784452390649e-02
1.500500074570494495e-02
1.500500365230587538e-02
1.500500656375866777e-02
1.500500947951795283e-02
1.500501239906064030e-02
1.500501532188548356e-02
1.500501824751257832e-02
1.500502117548275019e-02
1.500502410535692333e-02
1.500502703671538485e-02
1.500502996915698342e-02
1.500503290229824975e-02
1.500503583577243380e-02
1.500503876922846917e-02
1.500504170232981431e-02
1.500504463475323819e-02
1.500504756618746029e-02
1.500505049633170905e-02
1.500505342489413807e-02
1.500505635159010524e-02
1.500505927614032356e-02
1.500506219826881933e-02
1.500506511770072562e-02
1.500506803415987273e-02
1.500507094736613575e-02
1.500507385703255155e-02
1.500507676286210075e-02
1.500507966454420368e-02
1.500508256175080678e-02
1.500508545413204234e-02
1.500508834131137822e-02
1.500509122288019685e-02
1.500509409839167856e-02
1.500509696735390260e-02
1.500509982922200967e-02
1.500510268338927505e-02
1.500510552917687021e-02
1.500510836582209621e-02
1.500511119246479043e-02
1.500511400813149716e-02
1.500511681171705705e-02
1.500511960196295076e-02
1.500512237743180724e-02
1.500512513647720564e-02
1.500512787720770583e-02
1.500513059744377348e-02
1.500513329466596560e-02
1.500513596595217519e-02
1.500513860790122188e-02
1.500514121653925143e-02
1.500514378720432633e-02
1.500514631440315674e-02
1.500514879163203710e-02
1.500515121115130086e-02
1.500515356369903387e-02
1.500515583812458108e-02
1.500515802091517518e-02
1.500516009557859368e-02
1.500516204182974871e-02
1.500516383450696892e-02
1.500516544211076379e-02
1.500516682480789940e-02
1.500516793166642958e-02
1.500516869676626203e-02
1.500516903363549592e-02
1.500516882714444424e-02
1.500516792145496076e-02
1.500516610170279756e-02
1.500516306546259906e-02
1.500515837707695407e-02
1.500515139234883007e-02
1.500514113026272384e-02
1.500512604674672686e-02
1.500510362131307791e-02
1.500506957783788974e-02
1.500501639529994331e-02
1.500493059269645060e-02
1.500478913362087927e-02
1.500456417528166220e-02
1.500428410239666374e-02
1.500416608762747753e-02
1.500436415894526414e-02
1.500464743447380185e-02
1.500485414124250183e-02
1.500498381220076449e-02
1.500506514177995902e-02
1.500511831125901467e-02
1.500515483023071722e-02
1.500518113125962581e-02
1.500520090474668014e-02
1.500521634891088286e-02
1.500522882416653950e-02
1.500523920290184124e-02
1.500524806274326252e-02
1.500525579719612021e-02
1.500526268119052771e-02
1.500526891116642746e-02
1.500527463031004795e-02
1.500527994486629442e-02
1.500528493493749789e-02
1.500528966178852827e-02
1.500529417288656853e-02
1.500529850544081098e-02
1.500530268892946370e-02
1.500530674693098879e-02
1.500531069846941859e-02
1.500531455901529636e-02
1.500531834123905624e-02
1.500532205558425744e-02
1.500532571070806349e-02
1.500532931382289430e-02
1.500533287096365853e-02
1.500533638719848441e-02
1.500533986679609272e-02
1.500534331335964811e-02
1.500534672993446457e-02
1.500535011909522043e-02
1.500535348301684085e-02
1.500535682353251049e-02
1.500536014218122396e-02
1.500536344024696808e-02
1.500536671879106575e-02
1.500536997867890805e-02
1.500537322060211537e-02
1.500537644509683174e-02
1.500537965255884822e-02
1.500538284325603211e-02
1.500538601733846303e-02
1.500538917484661033e-02
1.500539231571785571e-02
1.500539543979146836e-02
1.500539854681235546e-02
1.500540163643358620e-02
1.500540470821787320e-02
1.500540776163809473e-02
1.500541079607688698e-02
1.500541381082538296e-02
1.500541680508110827e-02
1.500541977794509277e-02
1.500542272841814788e-02
1.500542565539636324e-02
1.500542855766576721e-02
1.500543143389617036e-02
1.500543428263413463e-02
1.500543710229507166e-02
1.500543989115439569e-02
1.500544264733771893e-02
1.500544536881004767e-02
1.500544805336393762e-02
1.500545069860655112e-02
1.500545330194563882e-02
1.500545586057437999e-02
1.500545837145511249e-02
1.500546083130198036e-02
1.500546323656254746e-02
1.500546558339854730e-02
1.500546786766587988e-02
1.500547008489422525e-02
1.500547223026659459e-02
1.500547429859945374e-02
1.500547628432411136e-02
1.500547818147045936e-02
1.500547998365437882e-02
1.500548168407062934e-02
1.500548327549347874e-02
1.500548475028810197e-02
1.500548610043647181e-02
1.500548731758249293e-02
1.500548839310233105e-02
1.500548931820717448e-02
1.500549008408729422e-02
1.500549068210795499e-02
1.500549110406946586e-02
1.500549134254540104e-02
1.500549139131423029e-02
1.500549124590026644e-02
1.500549090423887282e-02
1.500549036747789687e-02
1.500548964092095205e-02
1.500548873510728319e-02
1.500548766700609236e-02
1.500548646127926843e-02
1.500548515153481491e-02
1.500548378145484529e-02
1.500548240564004467e-02
1.500548108997329724e-02
1.500547991127924169e-02
1.500547895605752573e-02
1.500547831811055270e-02
1.500547809498345604e-02
1.500547838328751722e-02
1.500547927317458577e-02
1.500548084243599409e-02
1.500548315086589965e-02
1.500548623560139620e-02
1.500549010809108970e-02
1.500549475314309593e-02
1.500550013019834143e-02
1.500550617663460283e-02
1.500551281261315421e-02
1.500551994679845923e-02
1.500552748224149441e-02
1.500553532180646035e-02
1.500554337269631097e-02
1.500555154983980628e-02
1.500555977809457653e-02
1.500556799336618882e-02
1.500557614283186576e-02
1.500558418449355474e-02
1.500559208628107245e-02
1.500559982489744169e-02
1.500560738455844305e-02
1.500561475573646518e-02
1.500562193398135950e-02
1.500562891886036455e-02
1.500563571303632077e-02
1.500564232148754625e-02
1.500564875086257861e-02
1.500565500895720966e-02
1.500566110429860274e-02
1.500566704582067569e-02
1.500567284261560864e-02
1.500567850374774637e-02
1.500568403811784919e-02
1.500568945436739528e-02
1.500569476081442533e-02
1.500569996541378098e-02
1.500570507573615285e-02
1.500571009896125955e-02
1.500571504188166067e-02
1.500571991091430822e-02
1.500572471211772570e-02
1.500572945121312653e-02
1.500573413360825094e-02
1.500573876442304160e-02
1.500574334851648151e-02
1.500574789051421776e-02
1.500575239483670220e-02
1.500575686572775888e-02
1.500576130728356605e-02
1.500576572348217945e-02
1.500577011821381708e-02
1.500577449531217966e-02
1.500577885858719526e-02
1.500578321185967387e-02
1.500578755899848425e-02
1.500579190396090189e-02
1.500579625083707860e-02
1.500580060389965047e-02
1.500580496765975026e-02
1.500580934693104655e-02
1.500581374690374177e-02
1.500581817323090594e-02
1.500582263213023036e-02
1.500582713050492220e-02
1.500583167608860423e-02
1.500583627762025821e-02
1.500584094505712923e-02
1.500584568983564897e-02
1.500585052519359808e-02
1.500585546657073714e-02
1.500586053211073502e-02
1.500586574329465690e-02
1.500587112574679541e-02
1.500587671026772443e-02
1.500588253416971878e-02
1.500588864301763935e-02
1.500589509291840908e-02
1.500590195355919372e-02
1.500590931227638487e-02
1.500591727955552512e-02
1.500592599653298616e-02
1.500593564531499391e-02
1.500594646327556812e-02
1.500595876296651962e-02
1.500597295986382147e-02
1.500598961076656489e-02
1.500600946578938347e-02
1.500603353510386942e-02
1.500606316387199241e-02
1.500610008482823263e-02
1.500614635370676846e-02
1.500620392377970645e-02
1.500627335123514393e-02
1.500635096278108739e-02
1.500642489575337336e-02
1.500647453051710128e-02
1.500648081077424895e-02
1.500644252379122051e-02
1.500637749763128297e-02
1.500630691180965606e-02
1.500624368626164197e-02
1.500619219142254428e-02
1.500615216093214958e-02
1.500612170885925155e-02
1.500609876051079046e-02
1.500608154191347861e-02
1.500606866794309928e-02
1.500605909612827069e-02
1.500605205199814426e-02
1.500604696091654457e-02
1.500604339449270602e-02
1.500604103085161067e-02
1.500603962588375508e-02
1.500603899260887462e-02
1.500603898636159762e-02
1.500603949410729554e-02
1.500604042668205948e-02
1.500604171310931413e-02
1.500604329639984580e-02
1.500604513041953365e-02
1.500604717753197676e-02
1.500604940680840167e-02
1.500605179265656654e-02
1.500605431376180951e-02
1.500605695226265961e-02
1.500605969310415261e-02
1.500606252352688560e-02
1.500606543266050884e-02
1.500606841119820484e-02
1.500607145113438783e-02
1.500607454555210989e-02
1.500607768844978117e-02
1.500608087459917757e-02
1.500608409942850822e-02
1.500608735892566652e-02
1.500609064955779441e-02
1.500609396820415907e-02
1.500609731209985934e-02
1.500610067878849381e-02
1.500610406608216159e-02
1.500610747202758659e-02
1.500611089487729338e-02
1.500611433306505045e-02
1.500611778518485227e-02
1.500612124997287994e-02
1.500612472629201527e-02
1.500612821311846437e-02
1.500613170953020263e-02
1.500613521469697578e-02
1.500613872787161067e-02
1.500614224838245359e-02
1.500614577562678700e-02
1.500614930906507549e-02
1.500615284821592461e-02
1.500615639265167993e-02
1.500615994199453428e-02
1.500616349591312425e-02
1.500616705411952564e-02
1.500617061636659068e-02
1.500617418244560436e-02
1.500617775218419762e-02
1.500618132544449812e-02
1.500618490212150304e-02
1.500618848214158897e-02
1.500619206546122478e-02
1.500619565206580408e-02
1.500619924196859405e-02
1.500620283520980036e-02
1.500620643185575018e-02
1.500621003199811669e-02
1.500621363575326342e-02
1.500621724326163704e-02
1.500622085468723485e-02
1.500622447021711728e-02
1.500622809006099158e-02
1.500623171445081977e-02
1.500623534364050812e-02
1.500623897790559144e-02
1.500624261754299887e-02
1.500624626287083360e-02
1.500624991422818896e-02
1.500625357197500100e-02
1.500625723649191834e-02
1.500626090818021723e-02
1.500626458746171302e-02
1.500626827477872030e-02
1.500627197059400605e-02
1.500627567539075495e-02
1.500627938967256589e-02
1.500628311396341730e-02
1.500628684880764112e-02
1.500629059476989852e-02
1.500629435243509488e-02
1.500629812240831217e-02
1.500630190531465104e-02
1.500630570179903832e-02
1.500630951252596330e-02
1.500631333817911348e-02
1.500631717946089225e-02
1.500632103709182395e-02
1.500632491180976975e-02
1.500632880436896834e-02
1.500633271553885109e-02
1.500633664610257975e-02
1.500634059685529258e-02
1.500634456860197932e-02
1.500634856215497803e-02
1.500635257833096356e-02
1.500635661794743995e-02
1.500636068181861009e-02
1.500636477075057741e-02
1.500636888553577228e-02
1.500637302694654042e-02
1.500637719572775822e-02
1.500638139258842450e-02
1.500638561819206233e-02
1.500638987314588564e-02
1.500639415798859372e-02
1.500639847317665997e-02
1.500640281906908714e-02
1.500640719591047646e-02
1.500641160381237932e-02
1.500641604273286918e-02
1.500642051245433886e-02
1.500642501255954574e-02
1.500642954240598292e-02
1.500643410109875689e-02
1.500643868746218135e-02
1.500644330001045697e-02
1.500644793691782546e-02
1.500645259598883813e-02
1.500645727462940511e-02
1.500646196981950120e-02
1.500646667808855361e-02
1.500647139549468427e-02
1.500647611760909210e-02
1.500648083950703766e-02
1.500648555576698275e-02
1.500649026047934202e-02
1.500649494726647749e-02
1.500649960931530087e-02
1.500650423942365141e-02
1.500650883006137380e-02
1.500651337344648464e-02
1.500651786163633046e-02
1.500652228663295826e-02
1.500652664050116172e-02
1.500653091549698261e-02
1.500653510420354303e-02
1.500653919967049645e-02
1.500654319555272918e-02
1.500654708624357681e-02
1.500655086699759395e-02
1.500655453403806905e-02
1.500655808464485333e-02
1.500656151721871737e-02
1.500656483131942304e-02
1.500656802767579359e-02
1.500657110816731692e-02
1.500657407577815280e-02
1.500657693452552011e-02
1.500657968936565216e-02
1.500658234608128264e-02
1.500658491115523449e-02
1.500658739163502481e-02
1.500658979499337915e-02
1.500659212898928195e-02
1.500659440153384594e-02
1.500659662056446492e-02
1.500659879393013985e-02
1.500660092929002876e-02
1.500660303402651975e-02
1.500660511517334407e-02
1.500660717935878470e-02
1.500660923276332659e-02
1.500661128109077348e-02
1.500661332955163796e-02
1.500661538285727112e-02
1.500661744522324009e-02
1.500661952038036956e-02
1.500662161159198663e-02
1.500662372167591539e-02
1.500662585303000340e-02
1.500662800765999172e-02
1.500663018720881960e-02
1.500663239298649296e-02
1.500663462599987306e-02
1.500663688698185456e-02
1.500663917641949577e-02
1.500664149458081666e-02
1.500664384154006166e-02
1.500664621720125547e-02
1.500664862132004146e-02
1.500665105352369869e-02
1.500665351332946228e-02
1.500665600016109526e-02
1.500665851336387309e-02
1.500666105221802084e-02
1.500666361595068624e-02
1.500666620374663945e-02
1.500666881475769439e-02
1.500667144811103533e-02
1.500667410291652362e-02
1.500667677827309532e-02
1.500667947327430536e-02
1.500668218701317960e-02
1.500668491858635906e-02
1.500668766709769252e-02
1.500669043166129660e-02
1.500669321140417345e-02
1.500669600546840170e-02
1.500669881301299087e-02
1.500670163321543051e-02
1.500670446527295476e-02
1.500670730840356244e-02
1.500671016184685312e-02
1.500671302486464992e-02
1.500671589674149042e-02
1.500671877678494588e-02
1.500672166432583457e-02
1.500672455871831894e-02
1.500672745933988479e-02
1.500673036559124936e-02
1.500673327689617392e-02
1.500673619270118456e-02
1.500673911247523730e-02
1.500674203570930877e-02
1.500674496191589311e-02
1.500674789062845030e-02
1.500675082140077478e-02
1.500675375380630325e-02
1.500675668743733059e-02
1.500675962190415810e-02
1.500676255683417587e-02
1.500676549187082015e-02
1.500676842667250828e-02
1.500677136091140874e-02
1.500677429427214014e-02
1.500677722645037647e-02
1.500678015715129453e-02
1.500678308608793116e-02
1.500678601297934615e-02
1.500678893754868633e-02
1.500679185952102229e-02
1.500679477862101527e-02
1.500679769457037224e-02
1.500680060708502531e-02
1.500680351587205426e-02
1.500680642062629695e-02
1.500680932102657107e-02
1.500681221673151426e-02
1.500681510737491772e-02
1.500681799256052551e-02
1.500682087185617637e-02
1.500682374478721007e-02
1.500682661082898030e-02
1.500682946939835109e-02
1.500683231984395287e-02
1.500683516143499867e-02
1.500683799334840383e-02
1.500684081465379453e-02
1.500684362429609460e-02
1.500684642107512172e-02
1.500684920362156498e-02
1.500685197036859438e-02
1.500685471951813087e-02
1.500685744900050189e-02
1.500686015642601137e-02
1.500686283902642575e-02
1.500686549358386072e-02
1.500686811634386990e-02
1.500687070290851986e-02
1.500687324810401520e-02
1.500687574581563259e-02
1.500687818878038843e-02
1.500688056832466880e-02
1.500688287402932725e-02
1.500688509329860081e-02
1.500688721079984633e-02
1.500688955539166911e-02
