1.047118533440008292e+01
-7.728892449943359679e+03
-1.546826158402473629e+04
-2.320763634501697743e+04
-3.094701686495873219e+04
-3.868640328101935302e+04
-4.642579573715144215e+04
-5.416519438640708540e+04
-6.190459939424780168e+04
-6.964401094337995164e+04
-7.738342924099981610e+04
-8.512285452996911772e+04
-9.286228710664868413e+04
-1.006017273505129560e+05
-1.083411757757257001e+05
-1.160806331262961903e+05
-1.238201005646673002e+05
-1.315595800811593072e+05
-1.392990754967899993e+05
-1.470385953673135082e+05
-1.547781637847263191e+05
-1.625178810169366188e+05
-1.702584066242411500e+05
-1.779927352049292240e+05
-1.857324919431073940e+05
-1.934721023259809008e+05
-2.012116769364822831e+05
-2.089512415577350766e+05
-2.166908051925217151e+05
-2.244303718163207814e+05
-2.321699434810676903e+05
-2.399095213747315574e+05
-2.476491062504910515e+05
-2.553886986232463387e+05
-2.631282988683230360e+05
-2.708679072747774189e+05
-2.786075240759145236e+05
-2.863471494676210568e+05
-2.940867836198314908e+05
-3.018264266839479678e+05
-3.095660787977869040e+05
-3.173057400889610872e+05
-3.250454106772440136e+05
-3.327850906762569211e+05
-3.405247801946927793e+05
-3.482644793372179847e+05
-3.560041882051475113e+05
-3.637439068969544023e+05
-3.714836355086609256e+05
-3.792233741341393325e+05
-3.869631228653488215e+05
-3.947028817925188341e+05
-4.024426510042971931e+05
-4.101824305878668092e+05
-4.179222206290388713e+05
-4.256620212123292731e+05
-4.334018324210204883e+05
-4.411416543372118613e+05
-4.488814870418602950e+05
-4.566213306148155825e+05
-4.643611851348486962e+05
-4.721010506796760019e+05
-4.798409273259796901e+05
-4.875808151494257036e+05
-4.953207142246798612e+05
-5.030606246254213620e+05
-5.108005464243564638e+05
-5.185404796932298341e+05
-5.262804245028373552e+05
-5.340203809230363695e+05
-5.417603490227597067e+05
-5.495003288700259291e+05
-5.572403205319532426e+05
-5.649803240747731179e+05
-5.727203395638454240e+05
-5.804603670636748429e+05
-5.882004066379277501e+05
-5.959404583494531689e+05
-6.036805222603041911e+05
-6.114205984317613766e+05
-6.191606869243596448e+05
-6.269007877979186596e+05
-6.346409011115739122e+05
-6.423810269238147885e+05
-6.501211652925228700e+05
-6.578613162750186166e+05
-6.656014799281081650e+05
-6.733416563081401400e+05
-6.810818454710647929e+05
-6.888220474725003587e+05
-6.965622623678086093e+05
-7.043024902121734340e+05
-7.120427310606935062e+05
-7.197829849684787914e+05
-7.275232519907624228e+05
-7.352635321830171160e+05
-7.430038256010909099e+05
-7.507441323013488436e+05
-7.584844523408340756e+05
-7.662247857774385484e+05
-7.739651326700942591e+05
-7.817054930789773352e+05
-7.894458670657299226e+05
-7.971862546936991857e+05
-8.049266560281930724e+05
-8.126670711367499316e+05
-8.204075000894217519e+05
-8.281479429590678774e+05
-8.358883998216494219e+05
-8.436288707565206569e+05
-8.513693558467032854e+05
-8.591098551791264908e+05
-8.668503688448112225e+05
-8.745908969389698468e+05
-8.823314395609803032e+05
-8.900719968141854042e+05
-8.978125688054537168e+05
-9.055531556444241432e+05
-9.132937574423383921e+05
-9.210343743103522575e+05
-9.287750063572035870e+05
-9.365156536861073691e+05
-9.442563163907607086e+05
-9.519969945503645577e+05
-9.597376882236332167e+05
-9.674783974418593571e+05
-9.752191222012514481e+05
-9.829598624549483648e+05
-9.907006181053500623e+05
-9.984413889976093778e+05
-1.006182174915313837e+06
-1.013922975579403224e+06
-1.021663790651230025e+06
-1.029404619740267051e+06
-1.037145462416372029e+06
-1.044886318225811934e+06
-1.052627186709587462e+06
-1.060368067422169261e+06
-1.068108959948675008e+06
-1.075849863918823656e+06
-1.083590779016566696e+06
-1.091331704985030228e+06
-1.099072641627051635e+06
-1.106813588802065002e+06
-1.114554546420371160e+06
-1.122295514435828663e+06
-1.130036492837916361e+06
-1.137777481643870473e+06
-1.145518480891423533e+06
-1.153259490632405970e+06
-1.161000510927355615e+06
-1.168741541841126047e+06
-1.176482583439433249e+06
-1.184223635786221363e+06
-1.191964698941726703e+06
-1.199705772961113136e+06
-1.207446857893560315e+06
-1.215187953781705583e+06
-1.222929060661356896e+06
-1.230670178561402252e+06
-1.238411307503862772e+06
-1.246152447504048701e+06
-1.253893598570776405e+06
-1.261634760706633097e+06
-1.269375933908257633e+06
-1.277117118166636676e+06
-1.284858313467392698e+06
-1.292599519791066414e+06
-1.300340737113388488e+06
-1.308081965405533556e+06
-1.315823204634353984e+06
-1.323564454762598500e+06
-1.331305715749107068e+06
-1.339046987548993668e+06
-1.346788270113800652e+06
-1.354529563391640550e+06
-1.362270867327318760e+06
-1.370012181862433674e+06
-1.377753506935463520e+06
-1.385494842481831787e+06
-1.393236188433957752e+06
-1.400977544721283019e+06
-1.408718911270284560e+06
-1.416460288004462374e+06
-1.424201674844309688e+06
-1.431943071707256138e+06
-1.439684478507586056e+06
-1.447425895156329032e+06
-1.455167321561117191e+06
-1.462908757626001956e+06
-1.470650203251234256e+06
-1.478391658332987223e+06
-1.486133122763025342e+06
-1.493874596428297926e+06
-1.501616079210455529e+06
-1.509357570985259023e+06
-1.517099071621870389e+06
-1.524840580981995212e+06
-1.532582098918840988e+06
-1.540323625275855884e+06
-1.548065159885188797e+06
-1.555806702565805754e+06
-1.563548253121179994e+06
-1.571289811336442363e+06
-1.579031376974856714e+06
-1.586772949773439905e+06
-1.594514529437503777e+06
-1.602256115633830894e+06
-1.609997707982136402e+06
-1.617739306044378784e+06
-1.625480909311435185e+06
-1.633222517186619574e+06
-1.640964128965627169e+06
-1.648705743812869303e+06
-1.656447360735104885e+06
-1.664188978555429028e+06
-1.671930595894961385e+06
-1.679672211177598452e+06
-1.687413822686553933e+06
-1.695155428719695425e+06
-1.702897027905337280e+06
-1.710638619723145152e+06
-1.718380205174941104e+06
-1.726121787339632167e+06
-1.733863371350941481e+06
-1.741604963479147293e+06
-1.749346569606496487e+06
-1.757088193917352008e+06
-1.764829838427669369e+06
-1.772571503305761609e+06
-1.780313187532952055e+06
-1.788054889518957119e+06
-1.795796607520553749e+06
-1.803538339871007018e+06
-1.811280085080001969e+06
-1.819021841860190267e+06
-1.826763609118041582e+06
-1.834505385930449003e+06
-1.842247171517953742e+06
-1.849988965219485806e+06
-1.857730766470421804e+06
-1.865472574784312630e+06
-1.873214389738002326e+06
-1.880956210959652206e+06
-1.888698038119156612e+06
-1.896439870920483489e+06
-1.904181709095552331e+06
-1.911923552399326814e+06
-1.919665400605867151e+06
-1.927407253505147761e+06
-1.935149110900473548e+06
-1.942890972606377443e+06
-1.950632838446902577e+06
-1.958374708254189463e+06
-1.966116581867310451e+06
-1.973858459131304640e+06
-1.981600339896374149e+06
-1.989342224017214263e+06
-1.997084111352450214e+06
-2.004826001764166635e+06
-2.012567895117504988e+06
-2.020309791280329693e+06
-2.028051690122938715e+06
-2.035793591517820489e+06
-2.043535495339448331e+06
-2.051277401464098599e+06
-2.059019309769701213e+06
-2.066761220135708107e+06
-2.074503132442982169e+06
-2.082245046573699452e+06
-2.089986962411266519e+06
-2.097728879840249661e+06
-2.105470798746313900e+06
-2.113212719016166870e+06
-2.120954640537516680e+06
-2.128696563199031167e+06
-2.136438486890304368e+06
-2.144180411501827184e+06
-2.151922336924962234e+06
-2.159664263051923364e+06
-2.167406189775759820e+06
-2.175148116990334820e+06
-2.182890044590319507e+06
-2.190631972471179906e+06
-2.198373900529164821e+06
-2.206115828661303967e+06
-2.213857756765397731e+06
-2.221599684740015306e+06
-2.229341612484489102e+06
-2.237083539898915682e+06
-2.244825466884150635e+06
-2.252567393341808580e+06
-2.260309319174265489e+06
-2.268051244284652639e+06
-2.275793168576866854e+06
-2.283535091955561657e+06
-2.291277014326158445e+06
-2.299018935594840441e+06
-2.306760855668560602e+06
-2.314502774455040693e+06
-2.322244691862776875e+06
-2.329986607801041100e+06
-2.337728522179884370e+06
-2.345470434910141863e+06
-2.353212345903431531e+06
-2.360954255072162952e+06
-2.368696162329539657e+06
-2.376438067589561921e+06
-2.384179970767028630e+06
-2.391921871777544264e+06
-2.399663770537522621e+06
-2.407405666964185890e+06
-2.415147560975576285e+06
-2.422889452490550466e+06
-2.430631341428791638e+06
-2.438373227710806299e+06
-2.446115111257932149e+06
-2.453856991992339958e+06
-2.461598869837036356e+06
-2.469340744715868030e+06
-2.477082616553524509e+06
-2.484824485275539570e+06
-2.492566350808297284e+06
-2.500308213079032488e+06
-2.508050072015833110e+06
-2.515791927547645289e+06
-2.523533779604274780e+06
-2.531275628116387408e+06
-2.539017473015514668e+06
-2.546759314234055579e+06
-2.554501151705278549e+06
-2.562242985363324638e+06
-2.569984815143209882e+06
-2.577726640980830416e+06
-2.585468462812964339e+06
-2.593210280577278696e+06
-2.600952094212329481e+06
-2.608693903657573275e+06
-2.616435708853367716e+06
-2.624177509740983602e+06
-2.631919306262613740e+06
-2.639661098361380864e+06
-2.647402885981351137e+06
-2.655144669067551848e+06
-2.662886447565984447e+06
-2.670628221423645969e+06
-2.678369990588555112e+06
-2.686111755009773653e+06
-2.693853514637445100e+06
-2.701595269422826357e+06
-2.709337019318332430e+06
-2.717078764277578332e+06
-2.724820504255441949e+06
-2.732562239208118059e+06
-2.740303969093191437e+06
-2.748045693869716488e+06
-2.755787413498300128e+06
-2.763529127941201907e+06
-2.771270837162439246e+06
-2.779012541127906181e+06
-2.786754239805501420e+06
-2.794495933165266179e+06
-2.802237621179535054e+06
-2.809979303823097143e+06
-2.817720981073356699e+06
-2.825462652910519391e+06
-2.833204319317766931e+06
-2.840945980281443335e+06
-2.848687635791245382e+06
-2.856429285840400495e+06
-2.864170930425846018e+06
-2.871912569548394997e+06
-2.879654203212882858e+06
-2.887395831428299658e+06
-2.895137454207886942e+06
-2.902879071569208987e+06
-2.910620683534184936e+06
-2.918362290129073896e+06
-2.926103891384420916e+06
-2.933845487334952224e+06
-2.941587078019408975e+06
-2.949328663480347022e+06
-2.957070243763875216e+06
-2.964811818919344805e+06
-2.972553388999010436e+06
-2.980294954057642259e+06
-2.988036514152118471e+06
-2.995778069340999238e+06
-3.003519619684089441e+06
-3.011261165242013987e+06
-3.019002706075790804e+06
-3.026744242246438749e+06
-3.034485773814613465e+06
-3.042227300840276293e+06
-3.049968823382418603e+06
-3.057710341498819645e+06
-3.065451855245871469e+06
-3.073193364678438287e+06
-3.080934869849777315e+06
-3.088676370811505709e+06
-3.096417867613604758e+06
-3.104159360304473434e+06
-3.111900848931002896e+06
-3.119642333538696636e+06
-3.127383814171798993e+06
-3.135125290873450227e+06
-3.142866763685855549e+06
-3.150608232650450896e+06
-3.158349697808089666e+06
-3.166091159199215937e+06
-3.173832616864043754e+06
-3.181574070842722431e+06
-3.189315521175508387e+06
-3.197056967902909964e+06
-3.204798411065837368e+06
-3.212539850705737714e+06
-3.220281286864714231e+06
-3.228022719585638959e+06
-3.235764148912252858e+06
-3.243505574889261276e+06
-3.251246997562402394e+06
-3.258988416978527792e+06
-3.266729833185657393e+06
-3.274471246233030688e+06
-3.282212656171154696e+06
-3.289954063051838428e+06
-3.297695466928218957e+06
-3.305436867854790762e+06
-3.313178265887421556e+06
-3.320919661083364859e+06
-3.328661053501267917e+06
-3.336402443201181013e+06
-3.344143830244552810e+06
-3.351885214694231283e+06
-3.359626596614459064e+06
-3.367367976070865057e+06
-3.375109353130456060e+06
-3.382850727861603256e+06
-3.390592100334030576e+06
-3.398333470618801657e+06
-3.406074838788300287e+06
-3.413816204916215967e+06
-3.421557569077525288e+06
-3.429298931348470971e+06
-3.437040291806545109e+06
-3.444781650530467741e+06
-3.452523007600163110e+06
-3.460264363096743356e+06
-3.468005717102480121e+06
-3.475747069700788241e+06
-3.483488420976197813e+06
-3.491229771014337428e+06
-3.498971119901902042e+06
-3.506712467726638541e+06
-3.514453814577315003e+06
-3.522195160543700680e+06
-3.529936505716542713e+06
-3.537677850187537260e+06
-3.545419194049311336e+06
-3.553160537395394407e+06
-3.560901880320196971e+06
-3.568643222918983083e+06
-3.576384565287848935e+06
-3.584125907523699105e+06
-3.591867249724220484e+06
-3.599608591987859458e+06
-3.607349934413797222e+06
-3.615091277101928834e+06
-3.622832620152836200e+06
-3.630573963667767122e+06
-3.638315307748612482e+06
-3.646056652497880161e+06
-3.653797998018677812e+06
-3.661539344414686318e+06
-3.669280691790139768e+06
-3.677022040249802172e+06
-3.684763389898948837e+06
-3.692504740843344480e+06
-3.700246093189221341e+06
-3.707987447043259628e+06
-3.715728802512571216e+06
-3.723470159704676829e+06
-3.731211518727488350e+06
-3.738952879689293448e+06
-3.746694242698731367e+06
-3.754435607864788733e+06
-3.762176975296768826e+06
-3.769918345104288775e+06
-3.777659717397256754e+06
-3.785401092285864521e+06
-3.793142469880572520e+06
-3.800883850292095449e+06
-3.808625233631399926e+06
-3.816366620009689126e+06
-3.824108009538397659e+06
-3.831849402329191100e+06
-3.839590798493953422e+06
-3.847332198144798167e+06
-3.855073601394061930e+06
-3.862815008354314603e+06
-3.870556419138368685e+06
-3.878297833859294653e+06
-3.886039252630440518e+06
-3.893780675565461162e+06
-3.901522102778355591e+06
-3.909263534383514896e+06
-3.917004970495778602e+06
-3.924746411230521742e+06
-3.932487856703745667e+06
-3.940229307032209821e+06
-3.947970762333591469e+06
-3.955712222726687789e+06
-3.963453688331691548e+06
-3.971195159270523116e+06
-3.978936635667291004e+06
-3.986678117648875806e+06
-3.994419605345726479e+06
-4.002161098892929964e+06
-4.009902598431665916e+06
-4.017644104111256544e+06
-4.025385616092048120e+06
-4.033127134549603332e+06
-4.040868659680920187e+06
-4.048610191713911947e+06
-4.056351730922349729e+06
-4.064093277650296222e+06
-4.071834832353895996e+06
-4.079576395676772576e+06
-4.087317968595370185e+06
-4.095059552723426372e+06
-4.102801151022857986e+06
-4.110542769727828912e+06
-4.118284424797311891e+06
-4.126026172340238467e+06
-4.133768353584996425e+06
-4.141505138229381759e+06
-4.149247162741996814e+06
-4.156988911888930481e+06
-4.164730603968115523e+06
-4.172472280010923743e+06
-4.180213952727692202e+06
-4.187955627335865051e+06
-4.195697306395945139e+06
-4.203438991334890947e+06
-4.211180683030081913e+06
-4.218922382066124119e+06
-4.226664088859937154e+06
-4.234405803726673126e+06
-4.242147526916701347e+06
-4.249889258637483232e+06
-4.257630999067055993e+06
-4.265372748362653889e+06
-4.273114506666407920e+06
-4.280856274109194987e+06
-4.288598050813316368e+06
-4.296339836894395761e+06
-4.304081632462739013e+06
-4.311823437624352053e+06
-4.319565252481666394e+06
-4.327307077134113759e+06
-4.335048911678553559e+06
-4.342790756209597923e+06
-4.350532610819869675e+06
-4.358274475600205362e+06
-4.366016350639814511e+06
-4.373758236026397906e+06
-4.381500131846263073e+06
-4.389242038184393197e+06
-4.396983955124518834e+06
-4.404725882749172859e+06
-4.412467821139731444e+06
-4.420209770376450382e+06
-4.427951730538502336e+06
-4.435693701703994535e+06
-4.443435683949989267e+06
-4.451177677352535538e+06
-4.458919681986670010e+06
-4.466661697926440276e+06
-4.474403725244915113e+06
-4.482145764014201239e+06
-4.489887814305445179e+06
-4.497629876188859344e+06
-4.505371949733722024e+06
-4.513114035008391365e+06
-4.520856132080323994e+06
-4.528598241016081534e+06
-4.536340361881352961e+06
-4.544082494740958326e+06
-4.551824639658878557e+06
-4.559566796698268503e+06
-4.567308965921476483e+06
-4.575051147390073165e+06
-4.582793341164868325e+06
-4.590535547305949964e+06
-4.598277765872708522e+06
-4.606019996923869476e+06
-4.613762240517543629e+06
-4.621504496711254120e+06
-4.629246765562002547e+06
-4.636989047126304358e+06
-4.644731341460253112e+06
-4.652473648619590327e+06
-4.660215968659770675e+06
-4.667958301636043005e+06
-4.675700647603532299e+06
-4.683443006617341191e+06
-4.691185378732656129e+06
-4.698927764004853554e+06
-4.706670162489644252e+06
-4.714412574243191630e+06
-4.722154999322285876e+06
-4.729897437784499489e+06
-4.737639889688373543e+06
-4.745382355093620718e+06
-4.753124834061335772e+06
-4.760867326654233038e+06
-4.768609832936889492e+06
-4.776352352976018563e+06
-4.784094886840741150e+06
-4.791837434602884576e+06
-4.799579996337266639e+06
-4.807322572121999227e+06
-4.815065162038768642e+06
-4.822807766173086129e+06
-4.830550384614500217e+06
-4.838293017456729896e+06
-4.846035664797686040e+06
-4.853778326739347540e+06
-4.861521003387413919e+06
-4.869263694850669242e+06
-4.877006401239982806e+06
-4.884749122666817158e+06
-4.892491859241145663e+06
-4.900234611068632454e+06
-4.907977378246990032e+06
-4.915720160861330107e+06
-4.923462958978563547e+06
-4.931205772640762851e+06
-4.938948601857739501e+06
-4.946691446599096991e+06
-4.954434306786360219e+06
-4.962177182285926305e+06
-4.969920072903837077e+06
-4.977662978383401409e+06
-4.985405898406683467e+06
-4.993148832600516267e+06
-5.000891780547179282e+06
-5.008634741799216717e+06
-5.016377715897154994e+06
-5.024120702388324775e+06
-5.031863700844834559e+06
-5.039606710878851824e+06
-5.047349732153878547e+06
-5.055092764391388744e+06
-5.062835807372867130e+06
-5.070578860937912948e+06
-5.078321924979309551e+06
-5.086064999436168000e+06
-5.093808084286110476e+06
-5.101551179537305608e+06
-5.109294285220950842e+06
-5.117037401384523138e+06
-5.124780528086037375e+06
-5.132523665389277041e+06
-5.140266813360027969e+06
-5.148009972063167021e+06
-5.155753141560469754e+06
-5.163496321909077466e+06
-5.171239513160417788e+06
-5.178982715359541588e+06
-5.186725928544739261e+06
-5.194469152747394517e+06
-5.202212387991986237e+06
-5.209955634296210483e+06
-5.217698891671194695e+06
-5.225442160121722147e+06
-5.233185439646531828e+06
-5.240928730238598771e+06
-5.248672031885430217e+06
-5.256415344569348730e+06
-5.264158668267774396e+06
-5.271902002953471616e+06
-5.279645348594806157e+06
-5.287388705155963078e+06
-5.295132072597143240e+06
-5.302875450874769129e+06
-5.310618839941623621e+06
-5.318362239747022279e+06
-5.326105650236921385e+06
-5.333849071354040876e+06
-5.341592503037948161e+06
-5.349335945225134492e+06
-5.357079397849071771e+06
-5.364822860840245150e+06
-5.372566334126167931e+06
-5.380309817631388083e+06
-5.388053311277457513e+06
-5.395796814982881770e+06
-5.403540328663062304e+06
-5.411283852230180986e+06
-5.419027385593074374e+06
-5.426770928657070734e+06
-5.434514481323782355e+06
-5.442258043490845710e+06
-5.450001615051611327e+06
-5.457745195894767530e+06
-5.465488785903891549e+06
-5.473232384956884198e+06
-5.480975992925324477e+06
-5.488719609673648141e+06
-5.496463235058193095e+06
-5.504206868926011957e+06
-5.511950511113439687e+06
-5.519694161444344558e+06
-5.527437819727982394e+06
-5.535181485756344162e+06
-5.542925159300899133e+06
-5.550668840108544566e+06
-5.558412527896557003e+06
-5.566156222346288152e+06
-5.573899923095298931e+06
-5.581643629727484658e+06
-5.589387341760758311e+06
-5.597131058631747030e+06
-5.604874779677085578e+06
-5.612618504110980779e+06
-5.620362230999667197e+06
-5.628105959234730341e+06
-5.635849687510885298e+06
-5.643593414320111275e+06
-5.651337137985456735e+06
-5.659080856774649583e+06
-5.666824569151469506e+06
-5.674568274221952073e+06
-5.682311972368551418e+06
-5.690055665891401470e+06
-5.697799359245972708e+06
-5.705543058449817821e+06
-5.713286769697927870e+06
-5.721030497879245318e+06
-5.728774245777636766e+06
-5.736518014152382500e+06
-5.744261802331401967e+06
-5.752005608871098608e+06
-5.759749432049459778e+06
-5.767493270156933926e+06
-5.775237121635336429e+06
-5.782980985125336796e+06
-5.790724859466927126e+06
-5.798468743679510430e+06
-5.806212636935572140e+06
-5.813956538534599356e+06
-5.821700447879886255e+06
-5.829444364458980039e+06
-5.837188287827646360e+06
-5.844932217596931383e+06
-5.852676153422776610e+06
-5.860420094997735694e+06
-5.868164042044339702e+06
-5.875907994309783913e+06
-5.883651951561679132e+06
-5.891395913584603928e+06
-5.899139880177333020e+06
-5.906883851150564849e+06
-5.914627826325085945e+06
-5.922371805530259386e+06
-5.930115788602760062e+06
-5.937859775385560468e+06
-5.945603765727069229e+06
-5.953347759480407462e+06
-5.961091756502822042e+06
-5.968835756655175239e+06
-5.976579759801523760e+06
-5.984323765808762051e+06
-5.992067774546313100e+06
-5.999811785885876976e+06
-6.007555799701203592e+06
-6.015299815867913887e+06
-6.023043834263324738e+06
-6.030787854766330682e+06
-6.038531877257267945e+06
-6.046275901617821306e+06
-6.054019927730935626e+06
-6.061763955480736680e+06
-6.069507984752472490e+06
-6.077252015432451852e+06
-6.084996047408001497e+06
-6.092740080567415804e+06
-6.100484114799933508e+06
-6.108228149995694868e+06
-6.115972186045724899e+06
-6.123716222841906361e+06
-6.131460260276957415e+06
-6.139204298244426958e+06
-6.146948336638666689e+06
-6.154692375354829244e+06
-6.162436414288855158e+06
-6.170180453337470070e+06
-6.177924492398165166e+06
-6.185668531369211152e+06
-6.193412570149637759e+06
-6.201156608639239334e+06
-6.208900646738573909e+06
-6.216644684348955750e+06
-6.224388721372460015e+06
-6.232132757711920887e+06
-6.239876793270933442e+06
-6.247620827953856438e+06
-6.255364861665803939e+06
-6.263108894312664866e+06
-6.270852925801087171e+06
-6.278596956038491800e+06
-6.286340984933072701e+06
-6.294085012393797748e+06
-6.301829038330410607e+06
-6.309573062653443776e+06
-6.317317085274209268e+06
-6.325061106104805134e+06
-6.332805125058127567e+06
-6.340549142047868110e+06
-6.348293156988513656e+06
-6.356037169795354828e+06
-6.363781180384495296e+06
-6.371525188672842458e+06
-6.379269194578120485e+06
-6.387013198018874042e+06
-6.394757198914463632e+06
-6.402501197185079567e+06
-6.410245192751742899e+06
-6.417989185536299832e+06
-6.425733175461436622e+06
-6.433477162450677715e+06
-6.441221146428391337e+06
-6.448965127319784835e+06
-6.456709105050921440e+06
-6.464453079548705369e+06
-6.472197050740906969e+06
-6.479941018556136638e+06
-6.487684982923878357e+06
-6.495428943774467334e+06
-6.503172901039109565e+06
-6.510916854649871588e+06
-6.518660804539694451e+06
-6.526404750642387196e+06
-6.534148692892635241e+06
-6.541892631226004101e+06
-6.549636565578934737e+06
-6.557380495888763107e+06
-6.565124422093707137e+06
-6.572868344132885337e+06
-6.580612261946314946e+06
-6.588356175474925898e+06
-6.596100084660565481e+06
-6.603843989446005784e+06
-6.611587889774958603e+06
-6.619331785592094995e+06
-6.627075676843045279e+06
-6.634819563474440947e+06
-6.642563445433915593e+06
-6.650307322670143098e+06
-6.658051195132861845e+06
-6.665795062772915699e+06
-6.673538925542285666e+06
-6.681282783394141123e+06
-6.689026636282891035e+06
-6.696770484164236113e+06
-6.704514326995250769e+06
-6.712258164734437130e+06
-6.720001997341828421e+06
-6.727745824779070914e+06
-6.735489647009531036e+06
-6.743233463998404332e+06
-6.750977275712850504e+06
-6.758721082122111693e+06
-6.766464883197683841e+06
-6.774208678913443349e+06
-6.781952469245829619e+06
-6.789696254174016416e+06
-6.797440033680091612e+06
-6.805183807749236003e+06
-6.812927576369917020e+06
-6.820671339534065686e+06
-6.828415097237267531e+06
-6.836158849478917196e+06
-6.843902596262387000e+06
-6.851646337595162913e+06
-6.859390073488939553e+06
-6.867133803959723562e+06
-6.874877529027866200e+06
-6.882621248718066141e+06
-6.890364963059343398e+06
-6.898108672084926628e+06
-6.905852375832146965e+06
-6.913596074342205189e+06
-6.921339767659969628e+06
-6.929083455833667889e+06
-6.936827138914550655e+06
-6.944570816956533119e+06
-6.952314490015782416e+06
-6.960058158150309697e+06
-6.967801821419524960e+06
-6.975545479883806780e+06
-6.983289133604086004e+06
-6.991032782641426660e+06
-6.998776427056658082e+06
-7.006520066910034046e+06
-7.014263702260928228e+06
-7.022007333167584613e+06
-7.029750959686917253e+06
-7.037494581874357536e+06
-7.045238199783757329e+06
-7.052981813467331231e+06
-7.060725422975650057e+06
-7.068469028357685544e+06
-7.076212629660866223e+06
-7.083956226931191981e+06
-7.091699820213352330e+06
-7.099443409550874494e+06
-7.107186994986291975e+06
-7.114930576561304741e+06
-7.122674154316972941e+06
-7.130417728293872438e+06
-7.138161298532295041e+06
-7.145904865072407760e+06
-7.153648427954419516e+06
-7.161391987218746915e+06
-7.169135542906153016e+06
-7.176879095057889819e+06
-7.184622643715825863e+06
-7.192366188922557048e+06
-7.200109730721521191e+06
-7.207853269157077186e+06
-7.215596804274598137e+06
-7.223340336120548658e+06
-7.231083864742534235e+06
-7.238827390189367346e+06
-7.246570912511114031e+06
-7.254314431759124622e+06
-7.262057947986074723e+06
-7.269801461245984770e+06
-7.277544971594245173e+06
-7.285288479087631218e+06
-7.293031983784302138e+06
-7.300775485743824393e+06
-7.308518985027163289e+06
-7.316262481696682051e+06
-7.324005975816143677e+06
-7.331749467450700700e+06
-7.339492956666881219e+06
-7.347236443532590754e+06
-7.354979928117089905e+06
-7.362723410490982234e+06
-7.370466890726200305e+06
-7.378210368895988911e+06
-7.385953845074882731e+06
-7.393697319338697009e+06
-7.401440791764497757e+06
-7.409184262430588715e+06
-7.416927731416486204e+06
-7.424671198802900501e+06
-7.432414664671712555e+06
-7.440158129105953500e+06
-7.447901592189780436e+06
-7.455645054008447565e+06
-7.463388514648297802e+06
-7.471131974196727388e+06
-7.478875432742162608e+06
-7.486618890374043956e+06
-7.494362347182790749e+06
-7.502105803259789012e+06
-7.509849258697356097e+06
-7.517592713588730432e+06
-7.525336168028030545e+06
-7.533079622110244818e+06
-7.540823075931195170e+06
-7.548566529587531462e+06
-7.556309983176682144e+06
-7.564053436796853319e+06
-7.571796890546991490e+06
-7.579540344526764005e+06
-7.587283798836536705e+06
-7.595027253577347845e+06
-7.602770708850885741e+06
-7.610514164759469219e+06
-7.618257621406016871e+06
-7.626001078894035891e+06
-7.633744537327592261e+06
-7.641487996811287478e+06
-7.649231457450246438e+06
-7.656974919350085780e+06
-7.664718382616900839e+06
-7.672461847357243299e+06
-7.680205313678095117e+06
-7.687948781686864793e+06
-7.695692251491352916e+06
-7.703435723199740052e+06
-7.711179196920569986e+06
-7.718922672762733884e+06
-7.726666150835454464e+06
-7.734409631248259917e+06
-7.742153114110987633e+06
-7.749896599533753470e+06
-7.757640087626950815e+06
-7.765383578501231037e+06
-7.773127072267498821e+06
-7.780870569036899135e+06
-7.788614068920811638e+06
-7.796357572030843236e+06
-7.804101078478827141e+06
-7.811844588376817293e+06
-7.819588101837096736e+06
-7.827331618972173892e+06
-7.835075139894792810e+06
-7.842818664717951789e+06
-7.850562193554920144e+06
-7.858305726519256830e+06
-7.866049263724851422e+06
-7.873792805285963230e+06
-7.881536351317279041e+06
-7.889279901933983900e+06
-7.897023457251848653e+06
-7.904767017387352884e+06
-7.912510582457825541e+06
-7.920254152581628412e+06
-7.927997727878414094e+06
-7.935741308469416574e+06
-7.943484894477875903e+06
-7.951228486029561609e+06
-7.958972083253481425e+06
-7.966715686282840557e+06
-7.974459295256336220e+06
-7.982202910319954157e+06
-7.989946531629504636e+06
-7.997690159354258329e+06
-8.005433793682304211e+06
-8.013177434828623198e+06
-8.020921083047682419e+06
-8.028664738653692417e+06
-8.036408402054716833e+06
-8.044152073812926188e+06
-8.051895754757825285e+06
-8.059639446215865202e+06
-8.067383150524070486e+06
-8.075126872340265661e+06
-8.082870622667676769e+06
-8.090614435292351060e+06
-8.098358474963048473e+06
-8.106103562848100439e+06
-8.113841741496025585e+06
-8.121585652734294534e+06
-8.129329469153353944e+06
-8.137073260440417565e+06
-8.144817045198291540e+06
-8.152560830433982424e+06
-8.160304619395625778e+06
-8.168048413819194771e+06
-8.175792214737395756e+06
-8.183536022819809616e+06
-8.191279838533012196e+06
-8.199023662222777493e+06
-8.206767494159216993e+06
-8.214511334563019685e+06
-8.222255183621376753e+06
-8.229999041498052888e+06
-8.237742908339955844e+06
-8.245486784281554632e+06
-8.253230669447906315e+06
-8.260974563956799917e+06
-8.268718467920281924e+06
-8.276462381445773877e+06
-8.284206304636900313e+06
-8.291950237594102509e+06
-8.299694180415111594e+06
-8.307438133195311762e+06
-8.315182096028015018e+06
-8.322926069004684687e+06
-8.330670052215096541e+06
-8.338414045747495256e+06
-8.346158049688686617e+06
-8.353902064124128781e+06
-8.361646089138006791e+06
-8.369390124813294038e+06
-8.377134171231788583e+06
-8.384878228474157862e+06
-8.392622296619975939e+06
-8.400366375747740269e+06
-8.408110465934909880e+06
-8.415854567257909104e+06
-8.423598679792141542e+06
-8.431342803612034768e+06
-8.439086938791019842e+06
-8.446831085401557386e+06
-8.454575243515165523e+06
-8.462319413202393800e+06
-8.470063594532875344e+06
-8.477807787575313821e+06
-8.485551992397498339e+06
-8.493296209066329524e+06
-8.501040437647819519e+06
-8.508784678207116202e+06
-8.516528930808512494e+06
-8.524273195515472442e+06
-8.532017472390644252e+06
-8.539761761495882645e+06
-8.547506062892297283e+06
-8.555250376640224829e+06
-8.562994702799327672e+06
-8.570739041428575292e+06
-8.578483392586303875e+06
-8.586227756330257282e+06
-8.593972132717628032e+06
-8.601716521805111319e+06
-8.609460923648955300e+06
-8.617205338305031881e+06
-8.624949765828901902e+06
-8.632694206275880337e+06
-8.640438659701142460e+06
-8.648183126159790903e+06
-8.655927605706984177e+06
-8.663672098398020491e+06
-8.671416604288483039e+06
-8.679161123434362933e+06
-8.686905655892215669e+06
-8.694650201719317585e+06
-8.702394760973850265e+06
-8.710139333715083078e+06
-8.717883920003596693e+06
-8.725628519901501015e+06
-8.733373133472686633e+06
-8.741117760783065110e+06
-8.748862401900872588e+06
-8.756607056896938011e+06
-8.764351725844971836e+06
-8.772096408821888268e+06
-8.779841105908064172e+06
-8.787585817187616602e+06
-8.795330542748633772e+06
-8.803075282683353871e+06
-8.810820037088200450e+06
-8.818564806063735858e+06
-8.826309589714409783e+06
-8.834054388148017228e+06
-8.841799201474858448e+06
-8.849544029806438833e+06
-8.857288873253587633e+06
-8.865033731923954561e+06
-8.872778605918651447e+06
-8.880523495327983052e+06
-8.888268400226188824e+06
-8.896013320665160194e+06
-8.903758256667288020e+06
-8.911503208217620850e+06
-8.919248175255892798e+06
-8.926993157669089735e+06
-8.934738155285403132e+06
-8.942483167870730162e+06
-8.950228195128651336e+06
-8.957973236704763025e+06
-8.965718292195729911e+06
-8.973463361162686720e+06
-8.981208443148152903e+06
-8.988953537694651634e+06
-8.996698644363259897e+06
-9.004443762750040740e+06
-9.012188892498878762e+06
-9.019934033309828490e+06
-9.027679184942746535e+06
-9.035424347216721624e+06
-9.043169520006112754e+06
-9.050914703234242275e+06
-9.058659896865848452e+06
-9.066405100899038836e+06
-9.074150315357599407e+06
-9.081895540283918381e+06
-9.089640775732863694e+06
-9.097386021766671911e+06
-9.105131278450833634e+06
-9.112876545850865543e+06
-9.120621824029898271e+06
-9.128367113046910614e+06
-9.136112412955502048e+06
-9.143857723803082481e+06
-9.151603045630421489e+06
-9.159348378471385688e+06
-9.167093722352944314e+06
-9.174839077295212075e+06
-9.182584443311640993e+06
-9.190329820409268141e+06
-9.198075208588961512e+06
-9.205820607845721766e+06
-9.213566018168985844e+06
-9.221311439542895183e+06
-9.229056871946580708e+06
-9.236802315354442224e+06
-9.244547769736388698e+06
-9.252293235058061779e+06
-9.260038711281053722e+06
-9.267784198363110423e+06
-9.275529696258282289e+06
-9.283275204917099327e+06
-9.291020724286684766e+06
-9.298766254310896620e+06
-9.306511794930396602e+06
-9.314257346082754433e+06
-9.322002907702500001e+06
-9.329748479721156880e+06
-9.337494062067287043e+06
-9.345239654666477814e+06
-9.352985257441336289e+06
-9.360730870311435312e+06
-9.368476493193274364e+06
-9.376222126000178978e+06
-9.383967768642168492e+06
-9.391713421025827527e+06
-9.399459083054086193e+06
-9.407204754626011476e+06
-9.414950435636492446e+06
-9.422696125975904986e+06
-9.430441825529677793e+06
-9.438187534177770838e+06
-9.445933251794075593e+06
-9.453678978245638311e+06
-9.461424713391777128e+06
-9.469170457082970068e+06
-9.476916209159523249e+06
-9.484661969449928030e+06
-9.492407737768890336e+06
-9.500153513914853334e+06
-9.507899297666979954e+06
-9.515645088781401515e+06
-9.523390886986559257e+06
-9.531136691977387294e+06
-9.538882503408038989e+06
-9.546628320882769302e+06
-9.554374143944578245e+06
-9.562119972061024979e+06
-9.569865804606778547e+06
-9.577611640842551365e+06
-9.585357479890530929e+06
-9.593103320707747713e+06
-9.600849162061400712e+06
-9.608595002515235916e+06
-9.616340840445721522e+06
-9.624086674121446908e+06
-9.631832501898055896e+06
-9.639578322590244934e+06
-9.647324136047510430e+06
-9.655069943827819079e+06
-9.662815749635025859e+06
-9.670561559051880613e+06
-9.678307378388741985e+06
-9.686053213134072721e+06
-9.693799066852107644e+06
-9.701544940971789882e+06
-9.709290835253197700e+06
-9.717036748462364078e+06
-9.724782678935198113e+06
-9.732528624936696142e+06
-9.740274584846690297e+06
-9.748020557233864442e+06
-9.755766540869209915e+06
-9.763512534711319953e+06
-9.771258537881348282e+06
-9.779004549636418000e+06
-9.786750569345287979e+06
-9.794496596467468888e+06
-9.802242630536034703e+06
-9.809988671143595129e+06
-9.817734717931101099e+06
-9.825480770578851923e+06
-9.833226828799307346e+06
-9.840972892331371084e+06
-9.848718960935760289e+06
-9.856465034391308203e+06
-9.864211112491969019e+06
-9.871957195044375956e+06
-9.879703281865868717e+06
-9.887449372782859951e+06
-9.895195467629514635e+06
-9.902941566246619448e+06
-9.910687668480696157e+06
-9.918433774183219299e+06
-9.926179883209995925e+06
-9.933925995420606807e+06
-9.941672110677985474e+06
-9.949418228848004714e+06
-9.957164349799189717e+06
-9.964910473402418196e+06
-9.972656599530698732e+06
-9.980402728058965877e+06
-9.988148858863925561e+06
-9.995894991823876277e+06
-1.000364112681862712e+07
-1.001138726372935623e+07
-1.001913340243854001e+07
-1.002687954282985441e+07
-1.003462568478812091e+07
-1.004237182819925062e+07
-1.005011797295016982e+07
-1.005786411892880872e+07
-1.006561026602403261e+07
-1.007335641412564367e+07
-1.008110256312431581e+07
-1.008884871291159466e+07
-1.009659486337988079e+07
-1.010434101442239247e+07
-1.011208716593316011e+07
-1.011983331780703180e+07
-1.012757946993963607e+07
-1.013532562222738564e+07
-1.014307177456746623e+07
-1.015081792685785331e+07
-1.015856407899726741e+07
-1.016631023088520393e+07
-1.017405638242192008e+07
-1.018180253350843117e+07
-1.018954868404651806e+07
-1.019729483393870294e+07
-1.020504098308829218e+07
-1.021278713139934093e+07
-1.022053327877666615e+07
-1.022827942512585036e+07
-1.023602557035324723e+07
-1.024377171436597407e+07
-1.025151785707191937e+07
-1.025926399837974645e+07
-1.026701013819890097e+07
-1.027475627643960156e+07
-1.028250241301285475e+07
-1.029024854783046246e+07
-1.029799468080499955e+07
-1.030574081184985116e+07
-1.031348694087919779e+07
-1.032123306780801527e+07
-1.032897919255209155e+07
-1.033672531502802484e+07
-1.034447143515321612e+07
-1.035221755284590647e+07
-1.035996366802512668e+07
-1.036770978061075695e+07
-1.037545589052349329e+07
-1.038320199768486805e+07
-1.039094810201724060e+07
-1.039869420344382152e+07
-1.040644030188864470e+07
-1.041418639727660641e+07
-1.042193248953343183e+07
-1.042967857858571038e+07
-1.043742466436088271e+07
-1.044517074678723328e+07
-1.045291682579391822e+07
-1.046066290131094679e+07
-1.046840897326919436e+07
-1.047615504160040244e+07
-1.048390110623717681e+07
-1.049164716711300053e+07
-1.049939322416222654e+07
-1.050713927732008137e+07
-1.051488532652268745e+07
-1.052263137170703337e+07
-1.053037741281100735e+07
-1.053812344977338985e+07
-1.054586948253386095e+07
-1.055361551103300415e+07
-1.056136153521232493e+07
-1.056910755501424521e+07
-1.057685357038212754e+07
-1.058459958126028255e+07
-1.059234558759398013e+07
-1.060009158932948112e+07
-1.060783758641404100e+07
-1.061558357879594713e+07
-1.062332956642453931e+07
-1.063107554925025068e+07
-1.063882152722463571e+07
-1.064656750030042417e+07
-1.065431346843156032e+07
-1.066205943157326616e+07
-1.066980538968210481e+07
-1.067755134271605127e+07
-1.068529729063456506e+07
-1.069304323339869268e+07
-1.070078917097117007e+07
-1.070853510331650451e+07
-1.071628103040113486e+07
-1.072402695219353586e+07
-1.073177286866436154e+07
-1.073951877978660911e+07
-1.074726468553577550e+07
-1.075501058589002863e+07
-1.076275648083037511e+07
-1.077050237034086883e+07
-1.077824825440876372e+07
-1.078599413302472234e+07
-1.079374000618299469e+07
-1.080148587388158217e+07
-1.080923173612241261e+07
-1.081697759291146509e+07
-1.082472344425892271e+07
-1.083246929017922655e+07
-1.084021513069115765e+07
-1.084796096581786312e+07
-1.085570679558680765e+07
-1.086345262002971955e+07
-1.087119843918248080e+07
-1.087894425308492035e+07
-1.088669006178062782e+07
-1.089443586531664617e+07
-1.090218166374318860e+07
-1.090992745711326227e+07
-1.091767324548226595e+07
-1.092541902890760638e+07
-1.093316480744824000e+07
-1.094091058116425015e+07
-1.094865635011641867e+07
-1.095640211436581239e+07
-1.096414787397338822e+07
-1.097189362899965048e+07
-1.097963937950432301e+07
-1.098738512554609030e+07
-1.099513086718237028e+07
-1.100287660446914844e+07
-1.101062233746085688e+07
-1.101836806621030904e+07
-1.102611379076867923e+07
-1.103385951118550822e+07
-1.104160522750878334e+07
-1.104935093978500925e+07
-1.105709664805934392e+07
-1.106484235237572342e+07
-1.107258805277702957e+07
-1.108033374930525012e+07
-1.108807944200167246e+07
-1.109582513090703078e+07
-1.110357081606171466e+07
-1.111131649750592746e+07
-1.111906217527985945e+07
-1.112680784942384250e+07
-1.113455351997851767e+07
-1.114229918698495440e+07
-1.115004485048480146e+07
-1.115779051052040048e+07
-1.116553616713488847e+07
-1.117328182037228905e+07
-1.118102747027762607e+07
-1.118877311689697392e+07
-1.119651876027754135e+07
-1.120426440046771616e+07
-1.121201003751712106e+07
-1.121975567147666588e+07
-1.122750130239855871e+07
-1.123524693033634685e+07
-1.124299255534495413e+07
-1.125073817748066410e+07
-1.125848379680116288e+07
-1.126622941336552799e+07
-1.127397502723423950e+07
-1.128172063846917450e+07
-1.128946624713362195e+07
-1.129721185329224728e+07
-1.130495745701110549e+07
-1.131270305835762993e+07
-1.132044865740061738e+07
-1.132819425421021134e+07
-1.133593984885788895e+07
-1.134368544141644798e+07
-1.135143103195997886e+07
-1.135917662056386657e+07
-1.136692220730474964e+07
-1.137466779226050898e+07
-1.138241337551025301e+07
-1.139015895713428780e+07
-1.139790453721410036e+07
-1.140565011583232880e+07
-1.141339569307276048e+07
-1.142114126902027428e+07
-1.142888684376085736e+07
-1.143663241738154180e+07
-1.144437798997042142e+07
-1.145212356161659583e+07
-1.145986913241015933e+07
-1.146761470244218037e+07
-1.147536027180467173e+07
-1.148310584059056453e+07
-1.149085140889368951e+07
-1.149859697680875473e+07
-1.150634254443131201e+07
-1.151408811185773835e+07
-1.152183367918521538e+07
-1.152957924651169404e+07
-1.153732481393589079e+07
-1.154507038155724294e+07
-1.155281594947589003e+07
-1.156056151779266261e+07
-1.156830708660904132e+07
-1.157605265602714941e+07
-1.158379822614972480e+07
-1.159154379708009213e+07
-1.159928936892214045e+07
-1.160703494178031385e+07
-1.161478051575958356e+07
-1.162252609096541256e+07
-1.163027166750375740e+07
-1.163801724548103474e+07
-1.164576282500410452e+07
-1.165350840618025139e+07
-1.166125398911716230e+07
-1.166899957392291352e+07
-1.167674516070595011e+07
-1.168449074957506917e+07
-1.169223634063939564e+07
-1.169998193400838785e+07
-1.170772752979179472e+07
-1.171547312809966132e+07
-1.172321872904231586e+07
-1.173096433273033798e+07
-1.173870993927457929e+07
-1.174645554878611490e+07
-1.175420116137627326e+07
-1.176194677715660632e+07
-1.176969239623888768e+07
-1.177743801873512380e+07
-1.178518364475753531e+07
-1.179292927441857383e+07
-1.180067490783091821e+07
-1.180842054510750249e+07
-1.181616618636151031e+07
-1.182391183170642145e+07
-1.183165748125601560e+07
-1.183940313512442820e+07
-1.184714879342621192e+07
-1.185489445627636462e+07
-1.186264012379045039e+07
-1.187038579608469084e+07
-1.187813147327608615e+07
-1.188587715548261069e+07
-1.189362284282341227e+07
-1.190136853541909717e+07
-1.190911423339211568e+07
-1.191685993686722592e+07
-1.192460564597212709e+07
-1.193235136083832383e+07
-1.194009708160228841e+07
-1.194784280840701051e+07
-1.195558854140427336e+07
-1.196333428075778857e+07
-1.197108002664783597e+07
-1.197882577927817777e+07
-1.198657153888669610e+07
-1.199431730576230399e+07
-1.200206308027296327e+07
-1.200980886291420832e+07
-1.201755465439824574e+07
-1.202530045582932048e+07
-1.203304626908115670e+07
-1.204079209771072492e+07
-1.204853794956103712e+07
-1.205628384620004520e+07
-1.206402987375045381e+07
-1.207177661448094063e+07
-1.207951739793772995e+07
-1.208726351642492041e+07
-1.209500946693321690e+07
-1.210275537794863619e+07
-1.211050127792011760e+07
-1.211824717651280388e+07
-1.212599307792367786e+07
-1.213373898429413699e+07
-1.214148489685331471e+07
-1.214923081637526304e+07
-1.215697674338624999e+07
-1.216472267826820537e+07
-1.217246862131419964e+07
-1.218021457276009582e+07
-1.218796053280346282e+07
-1.219570650161540322e+07
-1.220345247934814356e+07
-1.221119846614009701e+07
-1.221894446211934462e+07
-1.222669046740602516e+07
-1.223443648211406171e+07
-1.224218250635238923e+07
-1.224992854022589512e+07
-1.225767458383608423e+07
-1.226542063728161156e+07
-1.227316670065866038e+07
-1.228091277406125702e+07
-1.228865885758151114e+07
-1.229640495130978711e+07
-1.230415105533487722e+07
-1.231189716974410228e+07
-1.231964329462340102e+07
-1.232738943005742505e+07
-1.233513557612958550e+07
-1.234288173292210698e+07
-1.235062790051607788e+07
-1.235837407899147645e+07
-1.236612026842720062e+07
-1.237386646890108660e+07
-1.238161268048994243e+07
-1.238935890326956473e+07
-1.239710513731473684e+07
-1.240485138269925676e+07
-1.241259763949595578e+07
-1.242034390777670406e+07
-1.242809018761241250e+07
-1.243583647907305509e+07
-1.244358278222768195e+07
-1.245132909714442864e+07
-1.245907542389052548e+07
-1.246682176253231615e+07
-1.247456811313527822e+07
-1.248231447576401196e+07
-1.249006085048229806e+07
-1.249780723735308833e+07
-1.250555363643853925e+07
-1.251330004780002311e+07
-1.252104647149817646e+07
-1.252879290759291314e+07
-1.253653935614345223e+07
-1.254428581720837206e+07
-1.255203229084563255e+07
-1.255977877711263113e+07
-1.256752527606624179e+07
-1.257527178776288405e+07
-1.258301831225856580e+07
-1.259076484960895777e+07
-1.259851139986946806e+07
-1.260625796309531666e+07
-1.261400453934163414e+07
-1.262175112866355851e+07
-1.262949773111632280e+07
-1.263724434675540775e+07
-1.264499097563664615e+07
-1.265273761781637929e+07
-1.266048427335161902e+07
-1.266823094230019860e+07
-1.267597762472098693e+07
-1.268372432067407109e+07
-1.269147103022099100e+07
-1.269921775342497602e+07
-1.270696449035118520e+07
-1.271471124106699787e+07
-1.272245800564227812e+07
-1.273020478414968029e+07
-1.273795157666494139e+07
-1.274569838326716982e+07
-1.275344520403912291e+07
-1.276119203906745277e+07
-1.276893888844290748e+07
-1.277668575226041488e+07
-1.278443263061909750e+07
-1.279217952362207696e+07
-1.279992643137605116e+07
-1.280767335399058089e+07
-1.281542029157695919e+07
-1.282316724424655177e+07
-1.283091421210855804e+07
-1.283866119526693225e+07
-1.284640819381647930e+07
-1.285415520783796161e+07
-1.286190223739216663e+07
-1.286964928251303174e+07
-1.287739634320002981e+07
-1.288514341941015609e+07
-1.289289051105018519e+07
-1.290063761797003821e+07
-1.290838473995820619e+07
-1.291613187674036995e+07
-1.292387902798209712e+07
-1.293162619329619221e+07
-1.293937337225461751e+07
-1.294712056440430507e+07
-1.295486776928540133e+07
-1.296261498645007424e+07
-1.297036221547993831e+07
-1.297810945600031875e+07
-1.298585670769028552e+07
-1.299360397028796189e+07
-1.300135124359139241e+07
-1.300909852745565027e+07
-1.301684582178728655e+07
-1.302459312653707899e+07
-1.303234044169208407e+07
-1.304008776726775803e+07
-1.304783510330060124e+07
-1.305558244984167628e+07
-1.306332980695114098e+07
-1.307107717469377816e+07
-1.307882455313544162e+07
-1.308657194234039262e+07
-1.309431934236929379e+07
-1.310206675327781029e+07
-1.310981417511567101e+07
-1.311756160792607255e+07
-1.312530905174539611e+07
-1.313305650660308264e+07
-1.314080397252169997e+07
-1.314855144951707311e+07
-1.315629893759850413e+07
-1.316404643676904775e+07
-1.317179394702577591e+07
-1.317954146836007014e+07
-1.318728900075793639e+07
-1.319503654420026764e+07
-1.320278409866311587e+07
-1.321053166411796585e+07
-1.321827924053194560e+07
-1.322602682786806673e+07
-1.323377442608541809e+07
-1.324152203513933904e+07
-1.324926965498159267e+07
-1.325701728556049056e+07
-1.326476492682102509e+07
-1.327251257870498113e+07
-1.328026024115100503e+07
-1.328800791409469396e+07
-1.329575559746861830e+07
-1.330350329120238125e+07
-1.331125099522261135e+07
-1.331899870945296064e+07
-1.332674643381407671e+07
-1.333449416822354123e+07
-1.334224191259579733e+07
-1.334998966684204526e+07
-1.335773743087008037e+07
-1.336548520458414778e+07
-1.337323298788469099e+07
-1.338098078066810034e+07
-1.338872858282637969e+07
-1.339647639424674958e+07
-1.340422421481114998e+07
-1.341197204439568706e+07
-1.341971988286991231e+07
-1.342746773009598255e+07
-1.343521558592763357e+07
-1.344296345020892471e+07
-1.345071132277274132e+07
-1.345845920343891159e+07
-1.346620709201194905e+07
-1.347395498827824555e+07
-1.348170289200257510e+07
-1.348945080292380601e+07
-1.349719872074953467e+07
-1.350494664514933527e+07
-1.351269457574640214e+07
-1.352044251210699975e+07
-1.352819045372739248e+07
-1.353593840001758747e+07
-1.354368635028161854e+07
-1.355143430369414948e+07
-1.355918225927434862e+07
-1.356693021585985087e+07
-1.357467817208770476e+07
-1.358242612639711238e+07
-1.359017407708135992e+07
-1.359792202243454941e+07
-1.360566996105402336e+07
-1.361341789234565757e+07
-1.362116581718720868e+07
-1.362891373850132339e+07
-1.363666166128633730e+07
-1.364440959176211432e+07
-1.365215753587060794e+07
-1.365990549793023989e+07
-1.366765348010228947e+07
-1.367540148266710714e+07
-1.368314950467272103e+07
-1.369089754455843754e+07
-1.369864560058711842e+07
-1.370639367108580098e+07
-1.371414175455281511e+07
-1.372188984968827292e+07
-1.372963795538679510e+07
-1.373738607071485929e+07
-1.374513419488416798e+07
-1.375288232722630724e+07
-1.376063046717060730e+07
-1.376837861422566324e+07
-1.377612676796424948e+07
-1.378387492801118456e+07
-1.379162309403360635e+07
-1.379937126573319174e+07
-1.380711944283995219e+07
-1.381486762510724925e+07
-1.382261581230779178e+07
-1.383036400423039868e+07
-1.383811220067739673e+07
-1.384586040146245994e+07
-1.385360860640889779e+07
-1.386135681534819864e+07
-1.386910502811887302e+07
-1.387685324456544407e+07
-1.388460146453766897e+07
-1.389234968788982928e+07
-1.390009791448018514e+07
-1.390784614417047985e+07
-1.391559437682554312e+07
-1.392334261231295764e+07
-1.393109085050274804e+07
-1.393883909126715362e+07
-1.394658733448041230e+07
-1.395433558001857623e+07
-1.396208382775935903e+07
-1.396983207758201845e+07
-1.397758032936721854e+07
-1.398532858299694024e+07
-1.399307683835441433e+07
-1.400082509532403201e+07
-1.400857335379128531e+07
-1.401632161364270747e+07
-1.402406987476585060e+07
-1.403181813704921864e+07
-1.403956640038224682e+07
-1.404731466465527192e+07
-1.405506292975950241e+07
-1.406281119558700360e+07
-1.407055946203066595e+07
-1.407830772898421623e+07
-1.408605599634217098e+07
-1.409380426399984956e+07
-1.410155253185336106e+07
-1.410930079979959317e+07
-1.411704906773619540e+07
-1.412479733556160517e+07
-1.413254560317500494e+07
-1.414029387047635764e+07
-1.414804213736637868e+07
-1.415579040374654159e+07
-1.416353866951907985e+07
-1.417128693458699621e+07
-1.417903519885404408e+07
-1.418678346222473867e+07
-1.419453172460436821e+07
-1.420227998589898273e+07
-1.421002824601539411e+07
-1.421777650486119092e+07
-1.422552476234473847e+07
-1.423327301837516949e+07
-1.424102127286239900e+07
-1.424876952571713738e+07
-1.425651777685086429e+07
-1.426426602617585659e+07
-1.427201427360518835e+07
-1.427976251905272342e+07
-1.428751076243313402e+07
-1.429525900366189145e+07
-1.430300724265527725e+07
-1.431075547933039069e+07
-1.431850371360513754e+07
-1.432625194539824687e+07
-1.433400017462926917e+07
-1.434174840121859498e+07
-1.434949662508742511e+07
-1.435724484615780413e+07
-1.436499306435261481e+07
-1.437274127959557623e+07
-1.438048949181125499e+07
-1.438823770092505775e+07
-1.439598590686324425e+07
-1.440373410955292732e+07
-1.441148230892207101e+07
-1.441923050489950366e+07
-1.442697869741490670e+07
-1.443472688639881834e+07
-1.444247507178266346e+07
-1.445022325349871069e+07
-1.445797143148011714e+07
-1.446571960566089861e+07
-1.447346777597596310e+07
-1.448121594236108661e+07
-1.448896410475292802e+07
-1.449671226308904029e+07
-1.450446041730786674e+07
-1.451220856734875217e+07
-1.451995671315193363e+07
-1.452770485465857759e+07
-1.453545299181075580e+07
-1.454320112455148064e+07
-1.455094925282470696e+07
-1.455869737657534890e+07
-1.456644549574928917e+07
-1.457419361029341631e+07
-1.458194172015563212e+07
-1.458968982528488711e+07
-1.459743792563119717e+07
-1.460518602114570700e+07
-1.461293411178070493e+07
-1.462068219748968445e+07
-1.462843027822739072e+07
-1.463617835394988954e+07
-1.464392642461462691e+07
-1.465167449018051475e+07
-1.465942255060801283e+07
-1.466717060585922375e+07
-1.467491865589800477e+07
-1.468266670069007017e+07
-1.469041474020314962e+07
-1.469816277440708317e+07
-1.470591080327400938e+07
-1.471365882677849755e+07
-1.472140684489772841e+07
-1.472915485761167295e+07
-1.473690286490325071e+07
-1.474465086675854772e+07
-1.475239886316697113e+07
-1.476014685412146337e+07
-1.476789483961865678e+07
-1.477564281965903752e+07
-1.478339079424712248e+07
-1.479113876339156181e+07
-1.479888672710525431e+07
-1.480663468540541828e+07
-1.481438263831363060e+07
-1.482213058585580625e+07
-1.482987852806215547e+07
-1.483762646496707946e+07
-1.484537439660901017e+07
-1.485312232303022034e+07
-1.486087024427654408e+07
-1.486861816039709188e+07
-1.487636607144391350e+07
-1.488411397747159377e+07
-1.489186187853687629e+07
-1.489960977469819784e+07
-1.490735766601530276e+07
-1.491510555254876614e+07
-1.492285343435960822e+07
-1.493060131150886789e+07
-1.493834918405725248e+07
-1.494609705206480995e+07
-1.495384491559063084e+07
-1.496159277469261177e+07
-1.496934062942728214e+07
-1.497708847984964401e+07
-1.498483632601311058e+07
-1.499258416796944663e+07
-1.500033200576879270e+07
-1.500807983945968561e+07
-1.501582766908916645e+07
-1.502357549470286630e+07
-1.503132331634515151e+07
-1.503907113405928016e+07
-1.504681894788755476e+07
-1.505456675787149370e+07
-1.506231456405203044e+07
-1.507006236646966636e+07
-1.507781016516466439e+07
-1.508555796017721109e+07
-1.509330575154758804e+07
-1.510105353931631520e+07
-1.510880132352431491e+07
-1.511654910421302356e+07
-1.512429688142452575e+07
-1.513204465520168282e+07
-1.513979242558820359e+07
-1.514754019262875617e+07
-1.515528795636904985e+07
-1.516303571685588919e+07
-1.517078347413725033e+07
-1.517853122826232202e+07
-1.518627897928156145e+07
-1.519402672724672593e+07
-1.520177447221090086e+07
-1.520952221422852203e+07
-1.521726995335540548e+07
-1.522501768964874558e+07
-1.523276542316714488e+07
-1.524051315397059172e+07
-1.524826088212048635e+07
-1.525600860767962039e+07
-1.526375633071218990e+07
-1.527150405128377490e+07
-1.527925176946133003e+07
-1.528699948531318828e+07
-1.529474719890902750e+07
-1.530249491031986848e+07
-1.531024261961806007e+07
-1.531799032687724940e+07
-1.532573803217238188e+07
-1.533348573557966948e+07
-1.534123343717656471e+07
-1.534898113704177178e+07
-1.535672883525518514e+07
-1.536447653189788759e+07
-1.537222422705214284e+07
-1.537997192080133967e+07
-1.538771961322999373e+07
-1.539546730442372523e+07
-1.540321499446920864e+07
-1.541096268345419504e+07
-1.541871037146744505e+07
-1.542645805859871581e+07
-1.543420574493876472e+07
-1.544195343057928607e+07
-1.544970111561291292e+07
-1.545744880013318174e+07
-1.546519648423450999e+07
-1.547294416801217571e+07
-1.548069185156228952e+07
-1.548843953498177789e+07
-1.549618721836833842e+07
-1.550393490182044543e+07
-1.551168258543730155e+07
-1.551943026931882650e+07
-1.552717795356563665e+07
-1.553492563827900402e+07
-1.554267332356085442e+07
-1.555042100951373018e+07
-1.555816869624077715e+07
-1.556591638384571485e+07
-1.557366407243281603e+07
-1.558141176210689358e+07
-1.558915945297325961e+07
-1.559690714513772540e+07
-1.560465483870658092e+07
-1.561240253378654644e+07
-1.562015023048479110e+07
-1.562789792890888453e+07
-1.563564562916679308e+07
-1.564339333136685751e+07
-1.565114103561778367e+07
-1.565888874202860519e+07
-1.566663645070869103e+07
-1.567438416176771000e+07
-1.568213187531563826e+07
-1.568987959146272764e+07
-1.569762731031949632e+07
-1.570537503199672140e+07
-1.571312275660543330e+07
-1.572087048425689526e+07
-1.572861821506260149e+07
-1.573636594913427904e+07
-1.574411368658386730e+07
-1.575186142752354220e+07
-1.575960917206569202e+07
-1.576735692032293975e+07
-1.577510467240814678e+07
-1.578285242843442596e+07
-1.579060018851516955e+07
-1.579834795276406407e+07
-1.580609572129513510e+07
-1.581384349422278255e+07
-1.582159127166186273e+07
-1.582933905372773483e+07
-1.583708684053637646e+07
-1.584483463220450096e+07
-1.585258242884970456e+07
