1.999999996793727294e-02
2.000001028649618304e-02
2.000002024498650013e-02
2.000003015374663198e-02
2.000004000073231022e-02
2.000004977024542191e-02
2.000005944153092005e-02
2.000006898670150107e-02
2.000007836759537874e-02
2.000008753089132715e-02
2.000009640028294414e-02
2.000010486350215638e-02
2.000011274992374855e-02
2.000011979005516735e-02
2.000012553803763235e-02
2.000012921295317783e-02
2.000012934525255068e-02
2.000012289932278156e-02
2.000010276150072930e-02
2.000004896114264061e-02
1.999988729374711782e-02
1.999917381365580796e-02
1.999555451790047469e-02
1.999909958797743692e-02
1.999991122616832928e-02
2.000010545568773473e-02
2.000018315279222803e-02
2.000022518755250472e-02
2.000025288454616162e-02
2.000027374512519315e-02
2.000029094340524324e-02
2.000030600663336294e-02
2.000031974262622345e-02
2.000033261090038497e-02
2.000034488835700577e-02
2.000035674985221196e-02
2.000036831016757319e-02
2.000037964714627969e-02
2.000039081506643432e-02
2.000040185268932985e-02
2.000041278827426744e-02
2.000042364279916093e-02
2.000043443208464680e-02
2.000044516822823901e-02
2.000045586059328098e-02
2.000046651650374402e-02
2.000047714174077104e-02
2.000048774090300990e-02
2.000049831767175199e-02
2.000050887500851721e-02
2.000051941530401126e-02
2.000052994049163896e-02
2.000054045213475393e-02
2.000055095149438217e-02
2.000056143958216584e-02
2.000057191720203825e-02
2.000058238498319055e-02
2.000059284340632501e-02
2.000060329282460705e-02
2.000061373348039837e-02
2.000062416551868366e-02
2.000063458899776353e-02
2.000064500389778926e-02
2.000065541012743461e-02
2.000066580752910689e-02
2.000067619588287784e-02
2.000068657490934251e-02
2.000069694427149963e-02
2.000070730357587576e-02
2.000071765237282709e-02
2.000072799015623765e-02
2.000073831636254781e-02
2.000074863036914799e-02
2.000075893149228304e-02
2.000076921898428020e-02
2.000077949203025313e-02
2.000078974974418139e-02
2.000079999116440715e-02
2.000081021524843100e-02
2.000082042086709019e-02
2.000083060679793898e-02
2.000084077171787600e-02
2.000085091419490438e-02
2.000086103267898277e-02
2.000087112549186683e-02
2.000088119081581267e-02
2.000089122668115629e-02
2.000090123095250166e-02
2.000091120131354192e-02
2.000092113525031579e-02
2.000093103003272588e-02
2.000094088269430137e-02
2.000095069000991377e-02
2.000096044847141444e-02
2.000097015426101701e-02
2.000097980322231017e-02
2.000098939082882790e-02
2.000099891215008363e-02
2.000100836181520694e-02
2.000101773397422802e-02
2.000102702225731166e-02
2.000103621973246815e-02
2.000104531886244194e-02
2.000105431146200277e-02
2.000106318865726637e-02
2.000107194084934162e-02
2.000108055768566942e-02
2.000108902804333122e-02
2.000109734003040207e-02
2.000110548101312336e-02
2.000111343767931732e-02
2.000112119615138698e-02
2.000112874216598141e-02
2.000113606134175728e-02
2.000114313956162515e-02
2.000114996350106991e-02
2.000115652133916538e-02
2.000116280369287555e-02
2.000116880481623421e-02
2.000117452410195631e-02
2.000117996791052344e-02
2.000118515172627856e-02
2.000119010259633623e-02
2.000119486174192426e-02
2.000119948713977025e-02
2.000120405575666477e-02
2.000120866499636302e-02
2.000121343281066957e-02
2.000121849587952264e-02
2.000122400533313125e-02
2.000123011972318801e-02
2.000123699537313671e-02
2.000124477480921467e-02
2.000125357457556430e-02
2.000126347418217446e-02
2.000127450802984680e-02
2.000128666179021991e-02
2.000129987393584052e-02
2.000131404212419570e-02
2.000132903323830272e-02
2.000134469533279558e-02
2.000136086964598298e-02
2.000137740116055343e-02
2.000139414675754235e-02
2.000141098061156142e-02
2.000142779696831644e-02
2.000144451075757182e-02
2.000146105662579596e-02
2.000147738696621269e-02
2.000149346943555506e-02
2.000150928432529659e-02
2.000152482203466225e-02
2.000154008079054954e-02
2.000155506468289865e-02
2.000156978203138786e-02
2.000158424406714430e-02
2.000159846389584425e-02
2.000161245570138829e-02
2.000162623414880603e-02
2.000163981394795232e-02
2.000165320954415751e-02
2.000166643490752447e-02
2.000167950339730438e-02
2.000169242768278302e-02
2.000170521970571352e-02
2.000171789067297159e-02
2.000173045107053044e-02
2.000174291069222593e-02
2.000175527867829525e-02
2.000176756356010499e-02
2.000177977330851523e-02
2.000179191538394713e-02
2.000180399678703688e-02
2.000181602410906756e-02
2.000182800358171406e-02
2.000183994112597619e-02
2.000185184240031028e-02
2.000186371284812595e-02
2.000187555774508158e-02
2.000188738224643881e-02
2.000189919143521497e-02
2.000191099037162620e-02
2.000192278414473362e-02
2.000193457792709406e-02
2.000194637703355330e-02
2.000195818698538575e-02
2.000197001358132790e-02
2.000198186297723682e-02
2.000199374177657335e-02
2.000200565713433631e-02
2.000201761687755292e-02
2.000202962964642284e-02
2.000204170506086204e-02
2.000205385391857701e-02
2.000206608843231246e-02
2.000207842251581700e-02
2.000209087213069073e-02
2.000210345570948775e-02
2.000211619467479746e-02
2.000212911407940955e-02
2.000214224339989452e-02
2.000215561752520174e-02
2.000216927799368036e-02
2.000218327454718684e-02
2.000219766709008390e-02
2.000221252816423295e-02
2.000222794607809523e-02
2.000224402885661737e-02
2.000226090920114927e-02
2.000227875064957556e-02
2.000229775507060895e-02
2.000231817143894794e-02
2.000234030537304669e-02
2.000236452788940397e-02
2.000239127971101954e-02
2.000242106336768896e-02
2.000245440793604543e-02
2.000249177939175324e-02
2.000253339451591936e-02
2.000257888902897199e-02
2.000262682523342578e-02
2.000267416532003698e-02
2.000271611860973686e-02
2.000274699358905658e-02
2.000276227730668141e-02
2.000276089656167003e-02
2.000274582358116046e-02
2.000272246054209113e-02
2.000269624905169977e-02
2.000267115239657070e-02
2.000264937060962714e-02
2.000263174766123836e-02
2.000261831201795987e-02
2.000260869415834350e-02
2.000260238155973994e-02
2.000259885149723721e-02
2.000259762980210326e-02
2.000259831022328100e-02
2.000260055502407416e-02
2.000260408784980751e-02
2.000260868430243921e-02
2.000261416266776657e-02
2.000262037574273427e-02
2.000262720400565811e-02
2.000263455006773272e-02
2.000264233423418997e-02
2.000265049098088818e-02
2.000265896616694808e-02
2.000266771483053679e-02
2.000267669944335441e-02
2.000268588852468360e-02
2.000269525553711666e-02
2.000270477800322744e-02
2.000271443679596875e-02
2.000272421556609573e-02
2.000273410027801971e-02
2.000274407883191954e-02
2.000275414075465552e-02
2.000276427694587175e-02
2.000277447946851445e-02
2.000278474137527976e-02
2.000279505656425358e-02
2.000280541965836559e-02
2.000281582590434856e-02
2.000282627108769529e-02
2.000283675146094509e-02
2.000284726368287483e-02
2.000285780476685968e-02
2.000286837203687010e-02
2.000287896308984917e-02
2.000288957576348142e-02
2.000290020810846850e-02
2.000291085836466976e-02
2.000292152494049722e-02
2.000293220639508610e-02
2.000294290142278289e-02
2.000295360883974291e-02
2.000296432757217233e-02
2.000297505664614534e-02
2.000298579517863565e-02
2.000299654236969982e-02
2.000300729749560080e-02
2.000301805990279194e-02
2.000302882900254972e-02
2.000303960426632471e-02
2.000305038522157478e-02
2.000306117144809090e-02
2.000307196257473247e-02
2.000308275827652332e-02
2.000309355827208785e-02
2.000310436232130215e-02
2.000311517022326790e-02
2.000312598181441803e-02
2.000313679696688954e-02
2.000314761558696572e-02
2.000315843761375084e-02
2.000316926301792461e-02
2.000318009180060419e-02
2.000319092399234500e-02
2.000320175965219355e-02
2.000321259886684092e-02
2.000322344174982475e-02
2.000323428844084234e-02
2.000324513910505669e-02
2.000325599393252760e-02
2.000326685313763564e-02
2.000327771695858958e-02
2.000328858565694756e-02
2.000329945951721464e-02
2.000331033884643339e-02
2.000332122397385434e-02
2.000333211525060634e-02
2.000334301304942594e-02
2.000335391776437294e-02
2.000336482981062564e-02
2.000337574962428311e-02
2.000338667766213274e-02
2.000339761440152533e-02
2.000340856034019121e-02
2.000341951599611881e-02
2.000343048190737771e-02
2.000344145863198336e-02
2.000345244674772358e-02
2.000346344685198161e-02
2.000347445956151757e-02
2.000348548551219435e-02
2.000349652535868272e-02
2.000350757977402763e-02
2.000351864944920413e-02
2.000352973509248247e-02
2.000354083742870298e-02
2.000355195719840176e-02
2.000356309515665884e-02
2.000357425207182488e-02
2.000358542872390788e-02
2.000359662590267540e-02
2.000360784440538206e-02
2.000361908503413624e-02
2.000363034859273595e-02
2.000364163588301200e-02
2.000365294770056410e-02
2.000366428482978562e-02
2.000367564803819109e-02
2.000368703806983464e-02
2.000369845563783680e-02
2.000370990141584621e-02
2.000372137602837372e-02
2.000373288003988795e-02
2.000374441394260627e-02
2.000375597814280093e-02
2.000376757294563754e-02
2.000377919853838643e-02
2.000379085497203807e-02
2.000380254214118719e-02
2.000381425976228630e-02
2.000382600735026509e-02
2.000383778419367181e-02
2.000384958932842697e-02
2.000386142151055341e-02
2.000387327918813629e-02
2.000388516047303666e-02
2.000389706311291038e-02
2.000390898446425397e-02
2.000392092146734482e-02
2.000393287062403672e-02
2.000394482797961462e-02
2.000395678910989530e-02
2.000396874911501352e-02
2.000398070262127820e-02
2.000399264379255221e-02
2.000400456635258520e-02
2.000401646361953806e-02
2.000402832855370169e-02
2.000404015381921502e-02
2.000405193185996952e-02
2.000406365498946445e-02
2.000407531549374535e-02
2.000408690574584369e-02
2.000409841832938990e-02
2.000410984616848159e-02
2.000412118266006387e-02
2.000413242180480028e-02
2.000414355833187580e-02
2.000415458781313813e-02
2.000416550676215391e-02
2.000417631271416904e-02
2.000418700428344479e-02
2.000419758119570401e-02
2.000420804429399110e-02
2.000421839551796283e-02
2.000422863785726590e-02
2.000423877528126337e-02
2.000424881264786445e-02
2.000425875559554145e-02
2.000426861042256185e-02
2.000427838395815380e-02
2.000428808343014328e-02
2.000429771633335449e-02
2.000430729030263852e-02
2.000431681299390599e-02
2.000432629197568257e-02
2.000433573463311632e-02
2.000434514808567890e-02
2.000435453911898059e-02
2.000436391413077178e-02
2.000437327909052043e-02
2.000438263951170512e-02
2.000439200043563695e-02
2.000440136642544012e-02
2.000441074156882049e-02
2.000442012948808190e-02
2.000442953335608218e-02
2.000443895591676527e-02
2.000444839950909701e-02
2.000445786609326287e-02
2.000446735727837155e-02
2.000447687435072050e-02
2.000448641830206153e-02
2.000449598985737029e-02
2.000450558950169627e-02
2.000451521750576736e-02
2.000452487395020310e-02
2.000453455874815281e-02
2.000454427166631702e-02
2.000455401234427569e-02
2.000456378031223795e-02
2.000457357500711603e-02
2.000458339578712122e-02
2.000459324194487146e-02
2.000460311271918049e-02
2.000461300730550437e-02
2.000462292486533677e-02
2.000463286453440376e-02
2.000464282542999822e-02
2.000465280665740184e-02
2.000466280731547433e-02
2.000467282650161133e-02
2.000468286331599441e-02
2.000469291686534506e-02
2.000470298626616170e-02
2.000471307064746740e-02
2.000472316915326634e-02
2.000473328094456646e-02
2.000474340520116620e-02
2.000475354112315682e-02
2.000476368793218523e-02
2.000477384487255386e-02
2.000478401121207755e-02
2.000479418624286770e-02
2.000480436928192551e-02
2.000481455967159997e-02
2.000482475678000416e-02
2.000483496000127551e-02
2.000484516875576657e-02
2.000485538249015954e-02
2.000486560067750094e-02
2.000487582281719467e-02
2.000488604843485285e-02
2.000489627708219170e-02
2.000490650833678177e-02
2.000491674180178078e-02
2.000492697710560402e-02
2.000493721390152191e-02
2.000494745186723322e-02
2.000495769070435512e-02
2.000496793013787841e-02
2.000497816991555697e-02
2.000498840980724155e-02
2.000499864960417207e-02
2.000500888911821429e-02
2.000501912818102371e-02
2.000502936664318859e-02
2.000503960437327242e-02
2.000504984125684588e-02
2.000506007719543913e-02
2.000507031210546974e-02
2.000508054591703180e-02
2.000509077857271639e-02
2.000510101002634517e-02
2.000511124024157220e-02
2.000512146919052048e-02
2.000513169685225884e-02
2.000514192321121987e-02
2.000515214825552418e-02
2.000516237197523875e-02
2.000517259436039239e-02
2.000518281539903284e-02
2.000519303507494739e-02
2.000520325336531055e-02
2.000521347023805074e-02
2.000522368564899151e-02
2.000523389953864917e-02
2.000524411182864892e-02
2.000525432241774884e-02
2.000526453117721509e-02
2.000527473794564554e-02
2.000528494252291206e-02
2.000529514466311415e-02
2.000530534406638403e-02
2.000531554036912366e-02
2.000532573313240636e-02
2.000533592182808171e-02
2.000534610582195560e-02
2.000535628435331018e-02
2.000536645650973291e-02
2.000537662119608595e-02
2.000538677709571070e-02
2.000539692262175845e-02
2.000540705585543769e-02
2.000541717446709111e-02
2.000542727561428410e-02
2.000543735580889715e-02
2.000544741074190142e-02
2.000545743504972621e-02
2.000546742199868153e-02
2.000547736305295643e-02
2.000548724727427286e-02
2.000549706047384177e-02
2.000550678399259930e-02
2.000551639291113862e-02
2.000552585336303271e-02
2.000553511839946522e-02
2.000554412143890765e-02
2.000555276554633402e-02
2.000556090520959687e-02
2.000556831396083438e-02
2.000557462374929346e-02
2.000557920400806641e-02
2.000558090090084895e-02
2.000557741700935768e-02
2.000556363341866872e-02
2.000552619969427418e-02
2.000542100177838539e-02
2.000503241477275332e-02
2.000255277650185223e-02
2.000357977631860018e-02
2.000520760557752617e-02
2.000550908129055186e-02
2.000561256315539632e-02
2.000566355277327152e-02
2.000569512555171875e-02
2.000571792631965912e-02
2.000573620186983995e-02
2.000575191179947143e-02
2.000576606063586907e-02
2.000577920604522733e-02
2.000579167759209548e-02
2.000580368010000665e-02
2.000581534625092348e-02
2.000582676502545704e-02
2.000583799787633565e-02
2.000584908832739664e-02
2.000586006788314733e-02
2.000587095978434427e-02
2.000588178146207180e-02
2.000589254618121218e-02
2.000590326416538944e-02
2.000591394338215728e-02
2.000592459010080287e-02
2.000593520929496577e-02
2.000594580493740213e-02
2.000595638021875761e-02
2.000596693771174509e-02
2.000597747949581576e-02
2.000598800725269730e-02
2.000599852234030349e-02
2.000600902585035479e-02
2.000601951865361647e-02
2.000603000143565818e-02
2.000604047472522365e-02
2.000605093891690694e-02
2.000606139428919711e-02
2.000607184101899777e-02
2.000608227919316306e-02
2.000609270881776452e-02
2.000610312982533875e-02
2.000611354208058773e-02
2.000612394538472255e-02
2.000613433947866227e-02
2.000614472404524391e-02
2.000615509871061376e-02
2.000616546304477550e-02
2.000617581656152430e-02
2.000618615871767314e-02
2.000619648891168584e-02
2.000620680648174457e-02
2.000621711070321371e-02
2.000622740078553466e-02
2.000623767586853091e-02
2.000624793501809898e-02
2.000625817722127484e-02
2.000626840138062384e-02
2.000627860630791940e-02
2.000628879071703406e-02
2.000629895321603610e-02
2.000630909229836676e-02
2.000631920633304250e-02
2.000632929355377135e-02
2.000633935204697983e-02
2.000634937973847297e-02
2.000635937437879319e-02
2.000636933352701111e-02
2.000637925453292373e-02
2.000638913451741746e-02
2.000639897035097481e-02
2.000640875863003015e-02
2.000641849565120214e-02
2.000642817738313220e-02
2.000643779943593603e-02
2.000644735702816410e-02
2.000645684495123283e-02
2.000646625753155217e-02
2.000647558859039790e-02
2.000648483140207712e-02
2.000649397865098683e-02
2.000650302238855469e-02
2.000651195399151192e-02
2.000652076412367392e-02
2.000652944270394848e-02
2.000653797888470725e-02
2.000654636104571074e-02
2.000655457681090738e-02
2.000656261309726944e-02
2.000657045620810037e-02
2.000657809198632883e-02
2.000658550604771796e-02
2.000659268411838013e-02
2.000659961250648988e-02
2.000660627874299019e-02
2.000661267243077773e-02
2.000661878634401800e-02
2.000662461781751306e-02
2.000663017045693076e-02
2.000663545618053263e-02
2.000664049756640042e-02
2.000664533042153040e-02
2.000665000640648380e-02
2.000665459544188202e-02
2.000665918750004976e-02
2.000666389326761357e-02
2.000666884308984622e-02
2.000667418362774702e-02
2.000668007182835120e-02
2.000668666616467126e-02
2.000669411562962588e-02
2.000670254757896255e-02
2.000671205604403341e-02
2.000672269237651832e-02
2.000673445989105403e-02
2.000674731352198796e-02
2.000676116456061304e-02
2.000677588957014419e-02
2.000679134187349772e-02
2.000680736375068033e-02
2.000682379767259461e-02
2.000684049539804346e-02
2.000685732437088721e-02
2.000687417140023863e-02
2.000689094398727316e-02
2.000690756985511534e-02
2.000692399527495557e-02
2.000694018271580860e-02
2.000695610823129827e-02
2.000697175887249449e-02
2.000698713030615861e-02
2.000700222473138570e-02
2.000701704912686077e-02
2.000703161382200168e-02
2.000704593136298087e-02
2.000706001563455974e-02
2.000707388119591160e-02
2.000708754279060739e-02
2.000710101499525440e-02
2.000711431197632617e-02
2.000712744732999898e-02
2.000714043398474362e-02
2.000715328415034536e-02
2.000716600930092792e-02
2.000717862018220466e-02
2.000719112683566406e-02
2.000720353863409337e-02
2.000721586432453736e-02
2.000722811207560070e-02
2.000724028952714090e-02
2.000725240384085973e-02
2.000726446175092252e-02
2.000727646961398751e-02
2.000728843345848593e-02
2.000730035903304505e-02
2.000731225185421736e-02
2.000732411725383159e-02
2.000733596042624310e-02
2.000734778647622961e-02
2.000735960046784445e-02
2.000737140747524748e-02
2.000738321263616573e-02
2.000739502120907690e-02
2.000740683863535055e-02
2.000741867060761014e-02
2.000743052314611983e-02
2.000744240268516674e-02
2.000745431617186043e-02
2.000746627118035054e-02
2.000747827604510212e-02
2.000749034001779100e-02
2.000750247345336671e-02
2.000751468803237468e-02
2.000752699702831525e-02
2.000753941563121474e-02
2.000755196134159156e-02
2.000756465445269194e-02
2.000757751864420259e-02
2.000759058171687824e-02
2.000760387650607833e-02
2.000761744202305889e-02
2.000763132488679943e-02
2.000764558112685249e-02
2.000766027845930772e-02
2.000767549916405638e-02
2.000769134371966143e-02
2.000770793537813563e-02
2.000772542587313241e-02
2.000774400242484249e-02
2.000776389607588843e-02
2.000778539105001891e-02
2.000780883404228161e-02
2.000783464070187215e-02
2.000786329330677890e-02
2.000789531758278422e-02
2.000793121642253924e-02
2.000797132385739516e-02
2.000801553029586330e-02
2.000806284380457489e-02
2.000811084691581088e-02
2.000815534462042217e-02
2.000819079102184386e-02
2.000821197190003412e-02
2.000821640210220451e-02
2.000820569450773023e-02
2.000818465615604100e-02
2.000815894926134125e-02
2.000813314941143894e-02
2.000811005856388547e-02
2.000809094091568138e-02
2.000807606015050921e-02
2.000806515257854898e-02
2.000805773710234367e-02
2.000805328561320803e-02
2.000805130338900728e-02
2.000805135954241559e-02
2.000805309268774770e-02
2.000805620575365346e-02
2.000806045700471297e-02
2.000806565056641520e-02
2.000807162781816084e-02
2.000807826008870957e-02
2.000808544267212302e-02
2.000809309001869499e-02
2.000810113190883491e-02
2.000810951042363700e-02
2.000811817754933469e-02
2.000812709328135888e-02
2.000813622412053044e-02
2.000814554187631614e-02
2.000815502271096821e-02
2.000816464637273848e-02
2.000817439557814673e-02
2.000818425551206467e-02
2.000819421342131532e-02
2.000820425828275795e-02
2.000821438053112730e-02
2.000822457183474776e-02
2.000823482491003585e-02
2.000824513336740135e-02
2.000825549158275624e-02
2.000826589458991681e-02
2.000827633799022454e-02
2.000828681787636745e-02
2.000829733076785882e-02
2.000830787355635867e-02
2.000831844345908259e-02
2.000832903797900367e-02
2.000833965487082075e-02
2.000835029211171096e-02
2.000836094787614844e-02
2.000837162051420648e-02
2.000838230853276348e-02
2.000839301057924166e-02
2.000840372542744827e-02
2.000841445196527291e-02
2.000842518918398774e-02
2.000843593616881758e-02
2.000844669209078316e-02
2.000845745619946048e-02
2.000846822781669754e-02
2.000847900633101126e-02
2.000848979119270593e-02
2.000850058190951908e-02
2.000851137804280505e-02
2.000852217920410375e-02
2.000853298505213956e-02
2.000854379529011517e-02
2.000855460966331073e-02
2.000856542795693624e-02
2.000857624999418521e-02
2.000858707563452771e-02
2.000859790477212130e-02
2.000860873733441292e-02
2.000861957328086208e-02
2.000863041260175085e-02
2.000864125531717080e-02
2.000865210147603074e-02
2.000866295115516502e-02
2.000867380445856339e-02
2.000868466151659378e-02
2.000869552248535008e-02
2.000870638754601027e-02
2.000871725690428829e-02
2.000872813078989620e-02
2.000873900945605161e-02
2.000874989317908553e-02
2.000876078225799146e-02
2.000877167701408874e-02
2.000878257779069302e-02
2.000879348495282831e-02
2.000880439888693546e-02
2.000881532000065022e-02
2.000882624872258111e-02
2.000883718550211521e-02
2.000884813080927235e-02
2.000885908513447622e-02
2.000887004898847105e-02
2.000888102290215159e-02
2.000889200742638971e-02
2.000890300313190248e-02
2.000891401060907876e-02
2.000892503046775711e-02
2.000893606333697949e-02
2.000894710986469982e-02
2.000895817071743008e-02
2.000896924657977888e-02
2.000898033815387209e-02
2.000899144615871095e-02
2.000900257132930821e-02
2.000901371441565421e-02
2.000902487618150261e-02
2.000903605740287500e-02
2.000904725886626379e-02
2.000905848136651233e-02
2.000906972570432735e-02
2.000908099268327786e-02
2.000909228310635349e-02
2.000910359777190867e-02
2.000911493746896502e-02
2.000912630297180944e-02
2.000913769503371437e-02
2.000914911437983237e-02
2.000916056169902910e-02
2.000917203763463020e-02
2.000918354277402347e-02
2.000919507763685226e-02
2.000920664266193569e-02
2.000921823819259635e-02
2.000922986446050308e-02
2.000924152156782418e-02
2.000925320946777761e-02
2.000926492794342579e-02
2.000927667658492642e-02
2.000928845476513188e-02
2.000930026161386668e-02
2.000931209599095956e-02
2.000932395645844963e-02
2.000933584125233478e-02
2.000934774825438578e-02
2.000935967496475509e-02
2.000937161847611556e-02
2.000938357545031798e-02
2.000939554209864649e-02
2.000940751416687216e-02
2.000941948692649269e-02
2.000943145517349725e-02
2.000944341323619008e-02
2.000945535499339817e-02
2.000946727390448890e-02
2.000947916305226282e-02
2.000949101519957155e-02
2.000950282286008755e-02
2.000951457838325703e-02
2.000952627405264139e-02
2.000953790219645728e-02
2.000954945530819887e-02
2.000956092617461879e-02
2.000957230800766429e-02
2.000958359457640640e-02
2.000959478033449701e-02
2.000960586053870602e-02
2.000961683135387900e-02
2.000962768994017302e-02
2.000963843451888588e-02
2.000964906441403748e-02
2.000965958006791293e-02
2.000966998302986313e-02
2.000968027591878626e-02
2.000969046236109744e-02
2.000970054690667799e-02
2.000971053492645382e-02
2.000972043249572146e-02
2.000973024626767627e-02
2.000973998334183712e-02
2.000974965113168011e-02
2.000975925723560978e-02
2.000976880931479296e-02
2.000977831498064116e-02
2.000978778169421740e-02
2.000979721667888594e-02
2.000980662684705494e-02
2.000981601874110213e-02
2.000982539848817493e-02
2.000983477176801473e-02
2.000984414379278903e-02
2.000985351929757128e-02
2.000986290254013963e-02
2.000987229730851955e-02
2.000988170693499685e-02
2.000989113431510605e-02
2.000990058193049398e-02
2.000991005187440636e-02
2.000991954587894375e-02
2.000992906534323004e-02
2.000993861136169533e-02
2.000994818475211948e-02
2.000995778608281872e-02
2.000996741569873935e-02
2.000997707374618448e-02
2.000998676019604891e-02
2.000999647486537483e-02
2.001000621743737051e-02
2.001001598747963531e-02
2.001002578446089628e-02
2.001003560776608292e-02
2.001004545670999682e-02
2.001005533054953447e-02
2.001006522849460567e-02
2.001007514971792425e-02
2.001008509336358807e-02
2.001009505855474296e-02
2.001010504440029272e-02
2.001011505000081792e-02
2.001012507445368641e-02
2.001013511685762261e-02
2.001014517631660716e-02
2.001015525194324920e-02
2.001016534286178400e-02
2.001017544821055011e-02
2.001018556714421331e-02
2.001019569883562624e-02
2.001020584247741041e-02
2.001021599728332323e-02
2.001022616248939942e-02
2.001023633735489818e-02
2.001024652116312197e-02
2.001025671322204796e-02
2.001026691286486581e-02
2.001027711945039395e-02
2.001028733236338147e-02
2.001029755101475446e-02
2.001030777484172699e-02
2.001031800330788091e-02
2.001032823590317283e-02
2.001033847214383349e-02
2.001034871157224282e-02
2.001035895375672877e-02
2.001036919829133828e-02
2.001037944479547998e-02
2.001038969291359798e-02
2.001039994231471747e-02
2.001041019269197627e-02
2.001042044376211138e-02
2.001043069526483795e-02
2.001044094696222131e-02
2.001045119863801083e-02
2.001046145009684543e-02
2.001047170116348334e-02
2.001048195168192781e-02
2.001049220151452507e-02
2.001050245054101367e-02
2.001051269865746635e-02
2.001052294577524912e-02
2.001053319181985563e-02
2.001054343672974828e-02
2.001055368045508848e-02
2.001056392295639044e-02
2.001057416420317162e-02
2.001058440417245385e-02
2.001059464284725420e-02
2.001060488021491265e-02
2.001061511626536088e-02
2.001062535098928688e-02
2.001063558437614701e-02
2.001064581641200102e-02
2.001065604707723961e-02
2.001066627634403086e-02
2.001067650417355515e-02
2.001068673051294849e-02
2.001069695529188869e-02
2.001070717841875804e-02
2.001071739977630312e-02
2.001072761921665263e-02
2.001073783655565180e-02
2.001074805156620451e-02
2.001075826397055030e-02
2.001076847343112933e-02
2.001077867953974729e-02
2.001078888180461354e-02
2.001079907963470780e-02
2.001080927232077797e-02
2.001081945901212605e-02
2.001082963868792974e-02
2.001083981012163546e-02
2.001084997183633085e-02
2.001086012204834549e-02
2.001087025859537433e-02
2.001088037884402038e-02
2.001089047956963393e-02
2.001090055679856372e-02
2.001091060559868212e-02
2.001092061979778750e-02
2.001093059160006030e-02
2.001094051105601831e-02
2.001095036531834459e-02
2.001096013757872397e-02
2.001096980551928320e-02
2.001097933900792061e-02
2.001098869658436696e-02
2.001099781995407598e-02
2.001100662508725758e-02
2.001101498730440201e-02
2.001102271521986928e-02
2.001102950292198493e-02
2.001103483687889997e-02
2.001103780117164874e-02
2.001103663161425336e-02
2.001102756934370480e-02
2.001100141599895105e-02
2.001093061557647143e-02
2.001070115921379025e-02
2.000949839749784770e-02
2.000722011244115972e-02
2.001038938930975106e-02
2.001089763604193064e-02
2.001104194786576182e-02
2.001110563215328930e-02
2.001114233444178936e-02
2.001116758574354726e-02
2.001118717645921502e-02
2.001120365563099218e-02
2.001121828545794623e-02
2.001123174826882969e-02
2.001124443889712098e-02
2.001125659857201991e-02
2.001126838136365119e-02
2.001127988937476468e-02
2.001129119241040408e-02
2.001130233948137521e-02
2.001131336579711414e-02
2.001132429716109828e-02
2.001133515281529676e-02
2.001134594732881591e-02
2.001135669188085220e-02
2.001136739515006063e-02
2.001137806394246571e-02
2.001138870364215991e-02
2.001139931853962439e-02
2.001140991207425723e-02
2.001142048701563120e-02
2.001143104560059588e-02
2.001144158963800990e-02
2.001145212058946452e-02
2.001146263963205982e-02
2.001147314770759106e-02
2.001148364556130238e-02
2.001149413377261224e-02
2.001150461277961118e-02
2.001151508289857744e-02
2.001152554433963809e-02
2.001153599721926593e-02
2.001154644157024376e-02
2.001155687734959554e-02
2.001156730444477241e-02
2.001157772267846136e-02
2.001158813181211360e-02
2.001159853154852591e-02
2.001160892153347123e-02
2.001161930135654868e-02
2.001162967055131192e-02
2.001164002859474184e-02
2.001165037490607382e-02
2.001166070884509082e-02
2.001167102970975720e-02
2.001168133673334251e-02
2.001169162908092089e-02
2.001170190584531175e-02
2.001171216604231973e-02
2.001172240860541254e-02
2.001173263237965641e-02
2.001174283611487428e-02
2.001175301845803042e-02
2.001176317794477535e-02
2.001177331298997775e-02
2.001178342187725015e-02
2.001179350274737492e-02
2.001180355358547769e-02
2.001181357220683729e-02
2.001182355624127676e-02
2.001183350311594097e-02
2.001184341003632919e-02
2.001185327396548183e-02
2.001186309160110297e-02
2.001187285935059415e-02
2.001188257330374295e-02
2.001189222920303490e-02
2.001190182241148127e-02
2.001191134787796977e-02
2.001192080010016916e-02
2.001193017308514760e-02
2.001193946030808274e-02
2.001194865466958406e-02
2.001195774845247397e-02
2.001196673327939116e-02
2.001197560007290932e-02
2.001198433902089124e-02
2.001199293955047837e-02
2.001200139031570138e-02
2.001200967920489099e-02
2.001201779337671155e-02
2.001202571933571178e-02
2.001203344306186696e-02
2.001204095021231338e-02
2.001204822641806588e-02
2.001205525770357804e-02
2.001206203106224019e-02
2.001206853522576393e-02
2.001207476166884033e-02
2.001208070589010832e-02
2.001208636900491528e-02
2.001209175966920176e-02
2.001209689632410527e-02
2.001210180970121322e-02
2.001210654545479417e-02
2.001211116668860646e-02
2.001211575602528103e-02
2.001212041674358885e-02
2.001212527241273686e-02
2.001213046443235319e-02
2.001213614699639057e-02
2.001214247928674236e-02
2.001214961517462296e-02
2.001215769130501587e-02
2.001216681501954628e-02
2.001217705393941795e-02
2.001218842900216038e-02
2.001220091225019981e-02
2.001221442979826334e-02
2.001222886940827797e-02
2.001224409127230416e-02
2.001225994017617402e-02
2.001227625725512591e-02
2.001229288996365582e-02
2.001230969947607324e-02
2.001232656531980875e-02
2.001234338749071501e-02
2.001236008655850329e-02
2.001237660235774193e-02
2.001239289182415657e-02
2.001240892643393540e-02
2.001242468957908568e-02
2.001244017409547354e-02
2.001245538006441588e-02
2.001247031293926573e-02
2.001248498200191434e-02
2.001249939912652653e-02
2.001251357781393819e-02
2.001252753245516894e-02
2.001254127778312464e-02
2.001255482847514797e-02
2.001256819887419977e-02
2.001258140280150893e-02
2.001259445343875343e-02
2.001260736326205408e-02
2.001262014401418432e-02
2.001263280670410177e-02
2.001264536162583249e-02
2.001265781839054944e-02
2.001267018596727260e-02
2.001268247272897094e-02
2.001269468650160310e-02
2.001270683461458394e-02
2.001271892395150437e-02
2.001273096100044530e-02
2.001274295190355601e-02
2.001275490250582073e-02
2.001276681840305841e-02
2.001277870498933617e-02
2.001279056750427179e-02
2.001280241108065877e-02
2.001281424079288246e-02
2.001282606170700848e-02
2.001283787893320953e-02
2.001284969768149513e-02
2.001286152332198282e-02
2.001287336145086623e-02
2.001288521796372802e-02
2.001289709913816814e-02
2.001290901172783632e-02
2.001292096307082102e-02
2.001293296121567714e-02
2.001294501506931112e-02
2.001295713457199033e-02
2.001296933090579433e-02
2.001298161674483836e-02
2.001299400655735458e-02
2.001300651697272143e-02
2.001301916722989307e-02
2.001303197972835804e-02
2.001304498070863302e-02
2.001305820109693795e-02
2.001307167755880453e-02
2.001308545381891291e-02
2.001309958232078481e-02
2.001311412632029302e-02
2.001312916253127072e-02
2.001314478446914596e-02
2.001316110666639600e-02
2.001317826995162655e-02
2.001319644797323882e-02
2.001321585506374984e-02
2.001323675529270707e-02
2.001325947196556931e-02
2.001328439555201053e-02
2.001331198545254486e-02
2.001334275611974661e-02
2.001337722947402545e-02
2.001341582245140874e-02
2.001345862398551043e-02
2.001350501572584858e-02
2.001355314851852724e-02
2.001359946923239944e-02
2.001363879393958795e-02
2.001366553111313604e-02
2.001367597562868708e-02
2.001367026093714765e-02
2.001365228345539787e-02
2.001362767014545907e-02
2.001360152384573654e-02
2.001357728308394979e-02
2.001355670303959361e-02
2.001354034325694350e-02
2.001352808502762648e-02
2.001351950001082486e-02
2.001351406472054797e-02
2.001351126765062854e-02
2.001351065396541479e-02
2.001351183797172445e-02
2.001351450075383731e-02
2.001351838205078781e-02
2.001352327074843937e-02
2.001352899589207285e-02
2.001353541890942001e-02
2.001354242717293813e-02
2.001354992879652434e-02
2.001355784848359368e-02
2.001356612423521239e-02
2.001357470474642367e-02
2.001358354734643699e-02
2.001359261636631581e-02
2.001360188184148070e-02
2.001361131847674557e-02
2.001362090481738701e-02
2.001363062258228187e-02
2.001364045612519932e-02
2.001365039199742846e-02
2.001366041859126491e-02
2.001367052584799439e-02
2.001368070501771679e-02
2.001369094846096319e-02
2.001370124948409837e-02
2.001371160220228457e-02
2.001372200142490995e-02
2.001373244255944331e-02
2.001374292153048143e-02
2.001375343471128998e-02
2.001376397886585681e-02
2.001377455109954948e-02
2.001378514881703083e-02
2.001379576968626700e-02
2.001380641160768400e-02
2.001381707268759177e-02
2.001382775121531357e-02
2.001383844564339973e-02
2.001384915457051286e-02
2.001385987672654396e-02
2.001387061095969214e-02
2.001388135622520284e-02
2.001389211157552847e-02
2.001390287615168947e-02
2.001391364917579768e-02
2.001392442994436027e-02
2.001393521782250662e-02
2.001394601223881881e-02
2.001395681268084911e-02
2.001396761869104687e-02
2.001397842986326128e-02
2.001398924583955644e-02
2.001400006630741843e-02
2.001401089099723307e-02
2.001402171968007238e-02
2.001403255216567187e-02
2.001404338830062302e-02
2.001405422796678768e-02
2.001406507107978544e-02
2.001407591758768215e-02
2.001408676746981377e-02
2.001409762073566578e-02
2.001410847742389129e-02
2.001411933760138817e-02
2.001413020136246293e-02
2.001414106882810212e-02
2.001415194014521948e-02
2.001416281548605222e-02
2.001417369504758167e-02
2.001418457905094345e-02
2.001419546774097988e-02
2.001420636138578207e-02
2.001421726027624234e-02
2.001422816472571767e-02
2.001423907506967581e-02
2.001424999166537266e-02
2.001426091489161285e-02
2.001427184514844096e-02
2.001428278285698539e-02
2.001429372845920165e-02
2.001430468241771968e-02
2.001431564521568077e-02
2.001432661735655372e-02
2.001433759936402726e-02
2.001434859178182965e-02
2.001435959517358643e-02
2.001437061012264346e-02
2.001438163723189001e-02
2.001439267712352282e-02
2.001440373043873733e-02
2.001441479783743968e-02
2.001442587999780962e-02
2.001443697761574186e-02
2.001444809140429104e-02
2.001445922209280429e-02
2.001447037042602614e-02
2.001448153716295017e-02
2.001449272307534791e-02
2.001450392894618679e-02
2.001451515556757974e-02
2.001452640373842587e-02
2.001453767426164196e-02
2.001454896794083865e-02
2.001456028557652839e-02
2.001457162796167408e-02
2.001458299587651271e-02
2.001459439008262259e-02
2.001460581131613362e-02
2.001461726027993493e-02
2.001462873763484515e-02
2.001464024398961691e-02
2.001465177988965768e-02
2.001466334580441139e-02
2.001467494211329329e-02
2.001468656909003926e-02
2.001469822688551128e-02
2.001470991550878889e-02
2.001472163480661273e-02
2.001473338444119746e-02
2.001474516386638966e-02
2.001475697230241033e-02
2.001476880870930661e-02
2.001478067175940095e-02
2.001479255980917124e-02
2.001480447087094355e-02
2.001481640258517478e-02
2.001482835219389397e-02
2.001484031651637810e-02
2.001485229192795021e-02
2.001486427434317344e-02
2.001487625920472108e-02
2.001488824147925130e-02
2.001490021566182040e-02
2.001491217579019419e-02
2.001492411547048725e-02
2.001493602791528867e-02
2.001494790599528048e-02
2.001495974230493163e-02
2.001497152924232650e-02
2.001498325910285037e-02
2.001499492418552795e-02
2.001500651691027338e-02
2.001501802994361950e-02
2.001502945632960967e-02
2.001504078962224736e-02
2.001505202401505229e-02
2.001506315446336184e-02
2.001507417679461442e-02
2.001508508780247206e-02
2.001509588532067105e-02
2.001510656827360304e-02
2.001511713670136444e-02
2.001512759175815351e-02
2.001513793568412275e-02
2.001514817175188352e-02
2.001515830419000122e-02
2.001516833808676329e-02
2.001517827927810911e-02
2.001518813422416623e-02
2.001519790987900047e-02
2.001520761355802744e-02
2.001521725280737060e-02
2.001522683527887786e-02
2.001523636861381877e-02
2.001524586033786440e-02
2.001525531776878614e-02
2.001526474793813293e-02
2.001527415752707081e-02
2.001528355281624247e-02
2.001529293964903616e-02
2.001530232340725801e-02
2.001531170899790643e-02
2.001532110084980332e-02
2.001533050291852064e-02
2.001533991869820089e-02
2.001534935123894243e-02
2.001535880316836907e-02
2.001536827671630825e-02
2.001537777374150923e-02
2.001538729575956521e-02
2.001539684397121710e-02
2.001540641929055314e-02
2.001541602237254594e-02
2.001542565363955209e-02
2.001543531330656975e-02
2.001544500140501129e-02
2.001545471780487306e-02
2.001546446223531964e-02
2.001547423430353329e-02
2.001548403351198491e-02
2.001549385927410898e-02
2.001550371092844505e-02
2.001551358775140177e-02
2.001552348896860900e-02
2.001553341376511447e-02
2.001554336129437658e-02
2.001555333068625805e-02
2.001556332105405844e-02
2.001557333150071408e-02
2.001558336112419650e-02
2.001559340902225870e-02
2.001560347429655676e-02
2.001561355605624079e-02
2.001562365342103231e-02
2.001563376552392345e-02
2.001564389151346685e-02
2.001565403055577397e-02
2.001566418183618398e-02
2.001567434456068620e-02
2.001568451795719336e-02
2.001569470127649922e-02
2.001570489379318404e-02
2.001571509480626690e-02
2.001572530363983013e-02
2.001573551964342529e-02
2.001574574219245825e-02
2.001575597068843901e-02
2.001576620455910310e-02
2.001577644325859204e-02
2.001578668626738389e-02
2.001579693309229677e-02
2.001580718326636393e-02
2.001581743634864297e-02
2.001582769192399719e-02
2.001583794960280077e-02
2.001584820902060219e-02
2.001585846983767319e-02
2.001586873173862718e-02
2.001587899443183632e-02
2.001588925764889726e-02
2.001589952114401702e-02
2.001590978469332954e-02
2.001592004809413239e-02
2.001593031116417551e-02
2.001594057374075919e-02
2.001595083567988750e-02
2.001596109685529340e-02
2.001597135715745684e-02
2.001598161649255012e-02
2.001599187478129982e-02
2.001600213195785932e-02
2.001601238796853546e-02
2.001602264277051527e-02
2.001603289633050939e-02
2.001604314862328801e-02
2.001605339963019592e-02
2.001606364933754614e-02
2.001607389773490953e-02
2.001608414481332102e-02
2.001609439056333678e-02
2.001610463497298376e-02
2.001611487802547676e-02
2.001612511969682456e-02
2.001613535995314108e-02
2.001614559874767899e-02
2.001615583601759618e-02
2.001616607168028861e-02
2.001617630562922343e-02
2.001618653772926568e-02
2.001619676781124513e-02
2.001620699566573902e-02
2.001621722103576889e-02
2.001622744360823450e-02
2.001623766300378998e-02
2.001624787876471814e-02
2.001625809034043163e-02
2.001626829706979610e-02
2.001627849815966823e-02
2.001628869265844116e-02
2.001629887942326866e-02
2.001630905707909788e-02
2.001631922396714461e-02
2.001632937807933457e-02
2.001633951697429081e-02
2.001634963766858732e-02
2.001635973649449132e-02
2.001636980891188106e-02
2.001637984925652355e-02
2.001638985039891350e-02
2.001639980327534277e-02
2.001640969623340316e-02
2.001641951410294828e-02
2.001642923685275841e-02
2.001643883760729353e-02
2.001644827965020496e-02
2.001645751177713248e-02
2.001646646087111223e-02
2.001647501962985562e-02
2.001648302546233868e-02
2.001649022248035495e-02
2.001649618916140003e-02
2.001650019116043774e-02
2.001650085596045486e-02
2.001649537369945900e-02
2.001647724050460708e-02
2.001642852467035508e-02
2.001628449041221308e-02
2.001567572249208019e-02
2.001206352180244855e-02
2.001530713535622577e-02
2.001625541453327939e-02
2.001646826577264948e-02
2.001655056336552191e-02
2.001659420323334895e-02
2.001662259681122324e-02
2.001664381120356676e-02
2.001666121336335286e-02
2.001667640751528254e-02
2.001669023596901881e-02
2.001670317512251746e-02
2.001671551073360214e-02
2.001672742257324528e-02
2.001673902827939139e-02
2.001675040742069769e-02
2.001676161535224582e-02
2.001677269152665403e-02
2.001678366465784939e-02
2.001679455602910565e-02
2.001680538166994081e-02
2.001681615382313456e-02
2.001682688195448659e-02
2.001683757346118739e-02
2.001684823417733752e-02
2.001685886874025183e-02
2.001686948085976483e-02
2.001688007351867457e-02
2.001689064912368088e-02
2.001690120962032471e-02
2.001691175658129249e-02
2.001692229127484055e-02
2.001693281471833216e-02
2.001694332772026297e-02
2.001695383091357805e-02
2.001696432478210913e-02
2.001697480968173126e-02
2.001698528585720699e-02
2.001699575345573454e-02
2.001700621253771004e-02
2.001701666308532829e-02
2.001702710500931001e-02
2.001703753815416154e-02
2.001704796230214384e-02
2.001705837717614525e-02
2.001706878244162435e-02
2.001707917770772366e-02
2.001708956252766861e-02
2.001709993639838592e-02
2.001711029875965359e-02
2.001712064899249105e-02
2.001713098641707753e-02
2.001714131029003196e-02
2.001715161980113789e-02
2.001716191406948189e-02
2.001717219213894339e-02
2.001718245297310836e-02
2.001719269544940949e-02
2.001720291835263482e-02
2.001721312036754824e-02
2.001722330007076750e-02
2.001723345592166040e-02
2.001724358625223479e-02
2.001725368925598436e-02
2.001726376297548876e-02
2.001727380528877179e-02
2.001728381389418152e-02
2.001729378629376471e-02
2.001730371977494816e-02
2.001731361139038115e-02
2.001732345793584555e-02
2.001733325592601476e-02
2.001734300156801302e-02
2.001735269073256357e-02
2.001736231892271844e-02
2.001737188124010428e-02
2.001738137234862144e-02
2.001739078643588118e-02
2.001740011717251938e-02
2.001740935766987972e-02
2.001741850043687806e-02
2.001742753733704375e-02
2.001743645954746562e-02
2.001744525752182161e-02
2.001745392096075313e-02
2.001746243879378578e-02
2.001747079917873609e-02
2.001747898952616761e-02
2.001748699655912442e-02
2.001749480642126683e-02
2.001750240485010782e-02
2.001750977743650337e-02
2.001751690999634126e-02
2.001752378908568455e-02
2.001753040269575734e-02
2.001753674116811890e-02
2.001754279837189218e-02
2.001754857318139430e-02
2.001755407128082836e-02
2.001755930729838887e-02
2.001756430723022201e-02
2.001756911105005005e-02
2.001757377531039953e-02
2.001757837542793642e-02
2.001758300722098968e-02
2.001758778715662448e-02
2.001759285071060337e-02
2.001759834829970955e-02
2.001760443846591075e-02
2.001761127840068905e-02
2.001761901246305528e-02
2.001762775995255886e-02
2.001763760386611815e-02
2.001764858249812859e-02
2.001766068541374968e-02
2.001767385456726389e-02
2.001768799034888205e-02
2.001770296142018138e-02
2.001771861660890314e-02
2.001773479700761152e-02
2.001775134671703732e-02
2.001776812122785243e-02
2.001778499304301268e-02
2.001780185465021691e-02
2.001781861928188591e-02
2.001783522004437627e-02
2.001785160800031993e-02
2.001786774970312419e-02
2.001788362456246792e-02
2.001789922229716898e-02
2.001791454062789091e-02
2.001792958328328653e-02
2.001794435833856994e-02
2.001795887687200792e-02
2.001797315190637777e-02
2.001798719759475750e-02
2.001800102860902889e-02
2.001801465969218347e-02
2.001802810534030960e-02
2.001804137958519345e-02
2.001805449585382021e-02
2.001806746688565564e-02
2.001808030469250793e-02
2.001809302054941009e-02
2.001810562500742213e-02
2.001811812792162609e-02
2.001813053848921359e-02
2.001814286529403700e-02
2.001815511635482783e-02
2.001816729917539964e-02
2.001817942079535395e-02
2.001819148784065097e-02
2.001820350657352102e-02
2.001821548294153638e-02
2.001822742262589563e-02
2.001823933108901402e-02
2.001825121362190915e-02
2.001826307539157287e-02
2.001827492148914450e-02
2.001828675697929147e-02
2.001829858695169939e-02
2.001831041657558749e-02
2.001832225115818611e-02
2.001833409620852253e-02
2.001834595750797557e-02
2.001835784118933745e-02
2.001836975382648501e-02
2.001838170253735991e-02
2.001839369510326552e-02
2.001840574010844628e-02
2.001841784710478925e-02
2.001843002680749398e-02
2.001844229132942674e-02
2.001845465446337735e-02
2.001846713202424036e-02
2.001847974226629925e-02
2.001849250639487973e-02
2.001850544919708472e-02
2.001851859982334628e-02
2.001853199276062978e-02
2.001854566904961996e-02
2.001855967781338702e-02
2.001857407818353682e-02
2.001858894173302178e-02
2.001860435555118459e-02
2.001862042612514644e-02
2.001863728421452923e-02
2.001865509090919315e-02
2.001867404500816752e-02
2.001869439168233594e-02
2.001871643194287620e-02
2.001874053146031340e-02
2.001876712526141563e-02
2.001879671091057189e-02
2.001882981568464670e-02
2.001886691174755914e-02
2.001890823845501460e-02
2.001895348257401105e-02
2.001900129730995251e-02
2.001904877203795896e-02
2.001909123752976943e-02
2.001912303043410987e-02
2.001913949549700283e-02
2.001913928093625172e-02
2.001912509777618865e-02
2.001910223741221184e-02
2.001907618416329943e-02
2.001905101538915821e-02
2.001902904261573801e-02
2.001901118806617696e-02
2.001899752477608735e-02
2.001898770408522266e-02
2.001898122048842432e-02
2.001897755124010247e-02
2.001897621908963962e-02
2.001897681372788798e-02
2.001897899337291842e-02
2.001898247804567016e-02
2.001898704026549430e-02
2.001899249576802667e-02
2.001899869527180853e-02
2.001900551757386168e-02
2.001901286392951396e-02
2.001902065355072244e-02
2.001902882003039549e-02
2.001903730851253838e-02
2.001904607345404707e-02
2.001905507685226848e-02
2.001906428683763658e-02
2.001907367655261782e-02
2.001908322325500131e-02
2.001909290759775958e-02
2.001910271304803077e-02
2.001911262541634234e-02
2.001912263247327892e-02
2.001913272363617727e-02
2.001914288971167258e-02
2.001915312268343766e-02
2.001916341553635140e-02
2.001917376211023725e-02
2.001918415697779077e-02
2.001919459534227258e-02
2.001920507295144175e-02
2.001921558602494031e-02
2.001922613119276953e-02
2.001923670544306783e-02
2.001924730607757344e-02
2.001925793067359585e-02
2.001926857705139950e-02
2.001927924324619149e-02
2.001928992748401581e-02
2.001930062816089859e-02
2.001931134382483463e-02
2.001932207316014720e-02
2.001933281497389125e-02
2.001934356818403649e-02
2.001935433180911800e-02
2.001936510495923999e-02
2.001937588682814809e-02
2.001938667668628352e-02
2.001939747387472199e-02
2.001940827779975438e-02
2.001941908792819608e-02
2.001942990378316814e-02
2.001944072494039883e-02
2.001945155102493809e-02
2.001946238170822581e-02
2.001947321670546898e-02
2.001948405577334139e-02
2.001949489870787080e-02
2.001950574534259661e-02
2.001951659554684557e-02
2.001952744922425032e-02
2.001953830631136161e-02
2.001954916677639931e-02
2.001956003061811443e-02
2.001957089786478988e-02
2.001958176857325522e-02
2.001959264282808168e-02
2.001960352074072177e-02
2.001961440244887092e-02
2.001962528811574923e-02
2.001963617792950137e-02
2.001964707210264482e-02
2.001965797087159465e-02
2.001966887449611876e-02
2.001967978325898054e-02
2.001969069746552254e-02
2.001970161744331955e-02
2.001971254354184895e-02
2.001972347613220279e-02
2.001973441560685879e-02
2.001974536237939584e-02
2.001975631688432053e-02
2.001976727957688329e-02
2.001977825093288754e-02
2.001978923144851971e-02
2.001980022164025902e-02
2.001981122204463809e-02
2.001982223321818050e-02
2.001983325573718914e-02
2.001984429019755887e-02
2.001985533721459612e-02
2.001986639742271007e-02
2.001987747147514901e-02
2.001988856004357706e-02
2.001989966381760924e-02
2.001991078350420783e-02
2.001992191982698843e-02
2.001993307352528673e-02
2.001994424535310721e-02
2.001995543607782563e-02
2.001996664647859303e-02
2.001997787734447962e-02
2.001998912947224388e-02
2.002000040366369929e-02
2.002001170072261610e-02
2.002002302145108881e-02
2.002003436664533120e-02
2.002004573709078444e-02
2.002005713355645491e-02
2.002006855678844371e-02
2.002008000750252897e-02
2.002009148637571775e-02
2.002010299403669119e-02
2.002011453105496941e-02
2.002012609792883438e-02
2.002013769507175397e-02
2.002014932279731416e-02
2.002016098130261421e-02
2.002017267064995498e-02
2.002018439074688266e-02
2.002019614132458103e-02
2.002020792191462270e-02
2.002021973182418688e-02
2.002023157010996562e-02
2.002024343555092872e-02
2.002025532662035645e-02
2.002026724145754971e-02
2.002027917783980732e-02
2.002029113315535389e-02
2.002030310437811697e-02
2.002031508804527626e-02
2.002032708023872634e-02
2.002033907657174358e-02
2.002035107218220686e-02
2.002036306173374941e-02
2.002037503942635105e-02
2.002038699901776547e-02
2.002039893385704900e-02
2.002041083693119339e-02
2.002042270092574058e-02
2.002043451829954579e-02
2.002044628137357452e-02
2.002045798243282104e-02
2.002046961383992588e-02
2.002048116815813295e-02
2.002049263828077977e-02
2.002050401756360481e-02
2.002051529995587179e-02
2.002052648012577277e-02
2.002053755357561388e-02
2.002054851674214472e-02
2.002055936707812858e-02
2.002057010311163177e-02
2.002058072448037462e-02
2.002059123193979800e-02
2.002060162734439069e-02
2.002061191360307232e-02
2.002062209461064057e-02
2.002063217515824209e-02
2.002064216082646148e-02
2.002065205786549007e-02
2.002066187306675293e-02
2.002067161363070211e-02
2.002068128703498803e-02
2.002069090090706147e-02
2.002070046290447061e-02
2.002070998060550763e-02
2.002071946141222372e-02
2.002072891246699932e-02
2.002073834058329047e-02
2.002074775219049238e-02
2.002075715329248995e-02
2.002076654943900358e-02
2.002077594570852645e-02
2.002078534670156604e-02
2.002079475654274660e-02
2.002080417889034666e-02
2.002081361695180750e-02
2.002082307350391485e-02
2.002083255091654385e-02
2.002084205117869720e-02
2.002085157592609424e-02
2.002086112646944346e-02
2.002087070382269768e-02
2.002088030873091715e-02
2.002088994169713351e-02
2.002089960300810351e-02
2.002090929275864017e-02
2.002091901087434123e-02
2.002092875713278042e-02
2.002093853118294339e-02
2.002094833256308146e-02
2.002095816071695206e-02
2.002096801500849801e-02
2.002097789473510775e-02
2.002098779913943916e-02
2.002099772742004305e-02
2.002100767874075843e-02
2.002101765223909466e-02
2.002102764703354160e-02
2.002103766223010256e-02
2.002104769692793912e-02
2.002105775022438791e-02
2.002106782121925235e-02
2.002107790901858780e-02
2.002108801273798366e-02
2.002109813150535975e-02
2.002110826446342959e-02
2.002111841077177518e-02
2.002112856960861290e-02
2.002113874017237560e-02
2.002114892168293039e-02
2.002115911338275128e-02
2.002116931453775880e-02
2.002117952443811452e-02
2.002118974239882471e-02
2.002119996776023300e-02
2.002121019988842981e-02
2.002122043817550559e-02
2.002123068203977632e-02
2.002124093092589110e-02
2.002125118430487030e-02
2.002126144167410901e-02
2.002127170255723135e-02
2.002128196650400718e-02
2.002129223309009540e-02
2.002130250191676286e-02
2.002131277261059300e-02
2.002132304482309028e-02
2.002133331823022222e-02
2.002134359253194065e-02
2.002135386745165085e-02
2.002136414273558013e-02
2.002137441815214289e-02
2.002138469349122249e-02
2.002139496856342182e-02
2.002140524319922024e-02
2.002141551724814436e-02
2.002142579057778968e-02
2.002143606307290463e-02
2.002144633463429774e-02
2.002145660517777939e-02
2.002146687463300656e-02
2.002147714294227193e-02
2.002148741005924451e-02
2.002149767594760613e-02
2.002150794057968447e-02
2.002151820393492654e-02
2.002152846599837208e-02
2.002153872675897089e-02
2.002154898620783080e-02
2.002155924433632328e-02
2.002156950113409550e-02
2.002157975658687070e-02
2.002159001067409586e-02
2.002160026336637089e-02
2.002161051462262448e-02
2.002162076438694649e-02
2.002163101258513933e-02
2.002164125912071768e-02
2.002165150387046760e-02
2.002166174667932216e-02
2.002167198735444950e-02
2.002168222565839720e-02
2.002169246130105357e-02
2.002170269393015178e-02
2.002171292311995254e-02
2.002172314835772016e-02
2.002173336902733636e-02
2.002174358438940302e-02
2.002175379355680337e-02
2.002176399546449007e-02
2.002177418883193533e-02
2.002178437211587017e-02
2.002179454345048154e-02
2.002180470057100814e-02
2.002181517854937851e-02
