0.000000000000000000e+00
6.159375000000000000e+04
1.231875000000000000e+05
1.847812500000000000e+05
2.463750000000000000e+05
3.079687500000000000e+05
3.695625000000000000e+05
4.311562500000000000e+05
4.927500000000000000e+05
5.543437500000000000e+05
6.159375000000000000e+05
6.775312500000000000e+05
7.391250000000000000e+05
8.007187500000000000e+05
8.623125000000000000e+05
9.239062500000000000e+05
9.855000000000000000e+05
1.047093750000000000e+06
1.108687500000000000e+06
1.170281250000000000e+06
1.231875000000000000e+06
1.293468750000000000e+06
1.355062500000000000e+06
1.416656250000000000e+06
1.478250000000000000e+06
1.539843750000000000e+06
1.601437500000000000e+06
1.663031250000000000e+06
1.724625000000000000e+06
1.786218750000000000e+06
1.847812500000000000e+06
1.909406250000000000e+06
1.971000000000000000e+06
2.032593750000000000e+06
2.094187500000000000e+06
2.155781250000000000e+06
2.217375000000000000e+06
2.278968750000000000e+06
2.340562500000000000e+06
2.402156250000000000e+06
2.463750000000000000e+06
2.525343750000000000e+06
2.586937500000000000e+06
2.648531250000000000e+06
2.710125000000000000e+06
2.771718750000000000e+06
2.833312500000000000e+06
2.894906250000000000e+06
2.956500000000000000e+06
3.018093750000000000e+06
3.079687500000000000e+06
3.141281250000000000e+06
3.202875000000000000e+06
3.264468750000000000e+06
3.326062500000000000e+06
3.387656250000000000e+06
3.449250000000000000e+06
3.510843750000000000e+06
3.572437500000000000e+06
3.634031250000000000e+06
3.695625000000000000e+06
3.757218750000000000e+06
3.818812500000000000e+06
3.880406250000000000e+06
3.942000000000000000e+06
4.003593750000000000e+06
4.065187500000000000e+06
4.126781250000000000e+06
4.188375000000000000e+06
4.249968750000000000e+06
4.311562500000000000e+06
4.373156250000000000e+06
4.434750000000000000e+06
4.496343750000000000e+06
4.557937500000000000e+06
4.619531250000000000e+06
4.681125000000000000e+06
4.742718750000000000e+06
4.804312500000000000e+06
4.865906250000000000e+06
4.927500000000000000e+06
4.989093750000000000e+06
5.050687500000000000e+06
5.112281250000000000e+06
5.173875000000000000e+06
5.235468750000000000e+06
5.297062500000000000e+06
5.358656250000000000e+06
5.420250000000000000e+06
5.481843750000000000e+06
5.543437500000000000e+06
5.605031250000000000e+06
5.666625000000000000e+06
5.728218750000000000e+06
5.789812500000000000e+06
5.851406250000000000e+06
5.913000000000000000e+06
5.974593750000000000e+06
6.036187500000000000e+06
6.097781250000000000e+06
6.159375000000000000e+06
6.220968750000000000e+06
6.282562500000000000e+06
6.344156250000000000e+06
6.405750000000000000e+06
6.467343750000000000e+06
6.528937500000000000e+06
6.590531250000000000e+06
6.652125000000000000e+06
6.713718750000000000e+06
6.775312500000000000e+06
6.836906250000000000e+06
6.898500000000000000e+06
6.960093750000000000e+06
7.021687500000000000e+06
7.083281250000000000e+06
7.144875000000000000e+06
7.206468750000000000e+06
7.268062500000000000e+06
7.329656250000000000e+06
7.391250000000000000e+06
7.452843750000000000e+06
7.514437500000000000e+06
7.576031250000000000e+06
7.637625000000000000e+06
7.699218750000000000e+06
7.760812500000000000e+06
7.822406250000000000e+06
7.884000000000000000e+06
7.945593750000000000e+06
8.007187500000000000e+06
8.068781250000000000e+06
8.130375000000000000e+06
8.191968750000000000e+06
8.253562500000000000e+06
8.315156250000000000e+06
8.376750000000000000e+06
8.438343750000000000e+06
8.499937500000000000e+06
8.561531250000000000e+06
8.623125000000000000e+06
8.684718750000000000e+06
8.746312500000000000e+06
8.807906250000000000e+06
8.869500000000000000e+06
8.931093750000000000e+06
8.992687500000000000e+06
9.054281250000000000e+06
9.115875000000000000e+06
9.177468750000000000e+06
9.239062500000000000e+06
9.300656250000000000e+06
9.362250000000000000e+06
9.423843750000000000e+06
9.485437500000000000e+06
9.547031250000000000e+06
9.608625000000000000e+06
9.670218750000000000e+06
9.731812500000000000e+06
9.793406250000000000e+06
9.855000000000000000e+06
9.916593750000000000e+06
9.978187500000000000e+06
1.003978125000000000e+07
1.010137500000000000e+07
1.016296875000000000e+07
1.022456250000000000e+07
1.028615625000000000e+07
1.034775000000000000e+07
1.040934375000000000e+07
1.047093750000000000e+07
1.053253125000000000e+07
1.059412500000000000e+07
1.065571875000000000e+07
1.071731250000000000e+07
1.077890625000000000e+07
1.084050000000000000e+07
1.090209375000000000e+07
1.096368750000000000e+07
1.102528125000000000e+07
1.108687500000000000e+07
1.114846875000000000e+07
1.121006250000000000e+07
1.127165625000000000e+07
1.133325000000000000e+07
1.139484375000000000e+07
1.145643750000000000e+07
1.151803125000000000e+07
1.157962500000000000e+07
1.164121875000000000e+07
1.170281250000000000e+07
1.176440625000000000e+07
1.182600000000000000e+07
1.188759375000000000e+07
1.194918750000000000e+07
1.201078125000000000e+07
1.207237500000000000e+07
1.213396875000000000e+07
1.219556250000000000e+07
1.225715625000000000e+07
1.231875000000000000e+07
1.238034375000000000e+07
1.244193750000000000e+07
1.250353125000000000e+07
1.256512500000000000e+07
1.262671875000000000e+07
1.268831250000000000e+07
1.274990625000000000e+07
1.281150000000000000e+07
1.287309375000000000e+07
1.293468750000000000e+07
1.299628125000000000e+07
1.305787500000000000e+07
1.311946875000000000e+07
1.318106250000000000e+07
1.324265625000000000e+07
1.330425000000000000e+07
1.336584375000000000e+07
1.342743750000000000e+07
1.348903125000000000e+07
1.355062500000000000e+07
1.361221875000000000e+07
1.367381250000000000e+07
1.373540625000000000e+07
1.379700000000000000e+07
1.385859375000000000e+07
1.392018750000000000e+07
1.398178125000000000e+07
1.404337500000000000e+07
1.410496875000000000e+07
1.416656250000000000e+07
1.422815625000000000e+07
1.428975000000000000e+07
1.435134375000000000e+07
1.441293750000000000e+07
1.447453125000000000e+07
1.453612500000000000e+07
1.459771875000000000e+07
1.465931250000000000e+07
1.472090625000000000e+07
1.478250000000000000e+07
1.484409375000000000e+07
1.490568750000000000e+07
1.496728125000000000e+07
1.502887500000000000e+07
1.509046875000000000e+07
1.515206250000000000e+07
1.521365625000000000e+07
1.527525000000000000e+07
1.533684375000000000e+07
1.539843750000000000e+07
1.546003125000000000e+07
1.552162500000000000e+07
1.558321875000000000e+07
1.564481250000000000e+07
1.570640625000000000e+07
1.576800000000000000e+07
1.582959375000000000e+07
1.589118750000000000e+07
1.595278125000000000e+07
1.601437500000000000e+07
1.607596875000000000e+07
1.613756250000000000e+07
1.619915625000000000e+07
1.626075000000000000e+07
1.632234375000000000e+07
1.638393750000000000e+07
1.644553125000000000e+07
1.650712500000000000e+07
1.656871875000000000e+07
1.663031250000000000e+07
1.669190625000000000e+07
1.675350000000000000e+07
1.681509375000000000e+07
1.687668750000000000e+07
1.693828125000000000e+07
1.699987500000000000e+07
1.706146875000000000e+07
1.712306250000000000e+07
1.718465625000000000e+07
1.724625000000000000e+07
1.730784375000000000e+07
1.736943750000000000e+07
1.743103125000000000e+07
1.749262500000000000e+07
1.755421875000000000e+07
1.761581250000000000e+07
1.767740625000000000e+07
1.773900000000000000e+07
1.780059375000000000e+07
1.786218750000000000e+07
1.792378125000000000e+07
1.798537500000000000e+07
1.804696875000000000e+07
1.810856250000000000e+07
1.817015625000000000e+07
1.823175000000000000e+07
1.829334375000000000e+07
1.835493750000000000e+07
1.841653125000000000e+07
1.847812500000000000e+07
1.853971875000000000e+07
1.860131250000000000e+07
1.866290625000000000e+07
1.872450000000000000e+07
1.878609375000000000e+07
1.884768750000000000e+07
1.890928125000000000e+07
1.897087500000000000e+07
1.903246875000000000e+07
1.909406250000000000e+07
1.915565625000000000e+07
1.921725000000000000e+07
1.927884375000000000e+07
1.934043750000000000e+07
1.940203125000000000e+07
1.946362500000000000e+07
1.952521875000000000e+07
1.958681250000000000e+07
1.964840625000000000e+07
1.971000000000000000e+07
1.977159375000000000e+07
1.983318750000000000e+07
1.989478125000000000e+07
1.995637500000000000e+07
2.001796875000000000e+07
2.007956250000000000e+07
2.014115625000000000e+07
2.020275000000000000e+07
2.026434375000000000e+07
2.032593750000000000e+07
2.038753125000000000e+07
2.044912500000000000e+07
2.051071875000000000e+07
2.057231250000000000e+07
2.063390625000000000e+07
2.069550000000000000e+07
2.075709375000000000e+07
2.081868750000000000e+07
2.088028125000000000e+07
2.094187500000000000e+07
2.100346875000000000e+07
2.106506250000000000e+07
2.112665625000000000e+07
2.118825000000000000e+07
2.124984375000000000e+07
2.131143750000000000e+07
2.137303125000000000e+07
2.143462500000000000e+07
2.149621875000000000e+07
2.155781250000000000e+07
2.161940625000000000e+07
2.168100000000000000e+07
2.174259375000000000e+07
2.180418750000000000e+07
2.186578125000000000e+07
2.192737500000000000e+07
2.198896875000000000e+07
2.205056250000000000e+07
2.211215625000000000e+07
2.217375000000000000e+07
2.223534375000000000e+07
2.229693750000000000e+07
2.235853125000000000e+07
2.242012500000000000e+07
2.248171875000000000e+07
2.254331250000000000e+07
2.260490625000000000e+07
2.266650000000000000e+07
2.272809375000000000e+07
2.278968750000000000e+07
2.285128125000000000e+07
2.291287500000000000e+07
2.297446875000000000e+07
2.303606250000000000e+07
2.309765625000000000e+07
2.315925000000000000e+07
2.322084375000000000e+07
2.328243750000000000e+07
2.334403125000000000e+07
2.340562500000000000e+07
2.346721875000000000e+07
2.352881250000000000e+07
2.359040625000000000e+07
2.365200000000000000e+07
2.371359375000000000e+07
2.377518750000000000e+07
2.383678125000000000e+07
2.389837500000000000e+07
2.395996875000000000e+07
2.402156250000000000e+07
2.408315625000000000e+07
2.414475000000000000e+07
2.420634375000000000e+07
2.426793750000000000e+07
2.432953125000000000e+07
2.439112500000000000e+07
2.445271875000000000e+07
2.451431250000000000e+07
2.457590625000000000e+07
2.463750000000000000e+07
2.469909375000000000e+07
2.476068750000000000e+07
2.482228125000000000e+07
2.488387500000000000e+07
2.494546875000000000e+07
2.500706250000000000e+07
2.506865625000000000e+07
2.513025000000000000e+07
2.519184375000000000e+07
2.525343750000000000e+07
2.531503125000000000e+07
2.537662500000000000e+07
2.543821875000000000e+07
2.549981250000000000e+07
2.556140625000000000e+07
2.562300000000000000e+07
2.568459375000000000e+07
2.574618750000000000e+07
2.580778125000000000e+07
2.586937500000000000e+07
2.593096875000000000e+07
2.599256250000000000e+07
2.605415625000000000e+07
2.611575000000000000e+07
2.617734375000000000e+07
2.623893750000000000e+07
2.630053125000000000e+07
2.636212500000000000e+07
2.642371875000000000e+07
2.648531250000000000e+07
2.654690625000000000e+07
2.660850000000000000e+07
2.667009375000000000e+07
2.673168750000000000e+07
2.679328125000000000e+07
2.685487500000000000e+07
2.691646875000000000e+07
2.697806250000000000e+07
2.703965625000000000e+07
2.710125000000000000e+07
2.716284375000000000e+07
2.722443750000000000e+07
2.728603125000000000e+07
2.734762500000000000e+07
2.740921875000000000e+07
2.747081250000000000e+07
2.753240625000000000e+07
2.759400000000000000e+07
2.765559375000000000e+07
2.771718750000000000e+07
2.777878125000000000e+07
2.784037500000000000e+07
2.790196875000000000e+07
2.796356250000000000e+07
2.802515625000000000e+07
2.808675000000000000e+07
2.814834375000000000e+07
2.820993750000000000e+07
2.827153125000000000e+07
2.833312500000000000e+07
2.839471875000000000e+07
2.845631250000000000e+07
2.851790625000000000e+07
2.857950000000000000e+07
2.864109375000000000e+07
2.870268750000000000e+07
2.876428125000000000e+07
2.882587500000000000e+07
2.888746875000000000e+07
2.894906250000000000e+07
2.901065625000000000e+07
2.907225000000000000e+07
2.913384375000000000e+07
2.919543750000000000e+07
2.925703125000000000e+07
2.931862500000000000e+07
2.938021875000000000e+07
2.944181250000000000e+07
2.950340625000000000e+07
2.956500000000000000e+07
2.962659375000000000e+07
2.968818750000000000e+07
2.974978125000000000e+07
2.981137500000000000e+07
2.987296875000000000e+07
2.993456250000000000e+07
2.999615625000000000e+07
3.005775000000000000e+07
3.011934375000000000e+07
3.018093750000000000e+07
3.024253125000000000e+07
3.030412500000000000e+07
3.036571875000000000e+07
3.042731250000000000e+07
3.048890625000000000e+07
3.055050000000000000e+07
3.061209375000000000e+07
3.067368750000000000e+07
3.073528125000000000e+07
3.079687500000000000e+07
3.085846875000000000e+07
3.092006250000000000e+07
3.098165625000000000e+07
3.104325000000000000e+07
3.110484375000000000e+07
3.116643750000000000e+07
3.122803125000000000e+07
3.128962500000000000e+07
3.135121875000000000e+07
3.141281250000000000e+07
3.147440625000000000e+07
3.153600000000000000e+07
3.159759375000000000e+07
3.165918750000000000e+07
3.172078125000000000e+07
3.178237500000000000e+07
3.184396875000000000e+07
3.190556250000000000e+07
3.196715625000000000e+07
3.202875000000000000e+07
3.209034375000000000e+07
3.215193750000000000e+07
3.221353125000000000e+07
3.227512500000000000e+07
3.233671875000000000e+07
3.239831250000000000e+07
3.245990625000000000e+07
3.252150000000000000e+07
3.258309375000000000e+07
3.264468750000000000e+07
3.270628125000000000e+07
3.276787500000000000e+07
3.282946875000000000e+07
3.289106250000000000e+07
3.295265625000000000e+07
3.301425000000000000e+07
3.307584375000000000e+07
3.313743750000000000e+07
3.319903125000000000e+07
3.326062500000000000e+07
3.332221875000000000e+07
3.338381250000000000e+07
3.344540625000000000e+07
3.350700000000000000e+07
3.356859375000000000e+07
3.363018750000000000e+07
3.369178125000000000e+07
3.375337500000000000e+07
3.381496875000000000e+07
3.387656250000000000e+07
3.393815625000000000e+07
3.399975000000000000e+07
3.406134375000000000e+07
3.412293750000000000e+07
3.418453125000000000e+07
3.424612500000000000e+07
3.430771875000000000e+07
3.436931250000000000e+07
3.443090625000000000e+07
3.449250000000000000e+07
3.455409375000000000e+07
3.461568750000000000e+07
3.467728125000000000e+07
3.473887500000000000e+07
3.480046875000000000e+07
3.486206250000000000e+07
3.492365625000000000e+07
3.498525000000000000e+07
3.504684375000000000e+07
3.510843750000000000e+07
3.517003125000000000e+07
3.523162500000000000e+07
3.529321875000000000e+07
3.535481250000000000e+07
3.541640625000000000e+07
3.547800000000000000e+07
3.553959375000000000e+07
3.560118750000000000e+07
3.566278125000000000e+07
3.572437500000000000e+07
3.578596875000000000e+07
3.584756250000000000e+07
3.590915625000000000e+07
3.597075000000000000e+07
3.603234375000000000e+07
3.609393750000000000e+07
3.615553125000000000e+07
3.621712500000000000e+07
3.627871875000000000e+07
3.634031250000000000e+07
3.640190625000000000e+07
3.646350000000000000e+07
3.652509375000000000e+07
3.658668750000000000e+07
3.664828125000000000e+07
3.670987500000000000e+07
3.677146875000000000e+07
3.683306250000000000e+07
3.689465625000000000e+07
3.695625000000000000e+07
3.701784375000000000e+07
3.707943750000000000e+07
3.714103125000000000e+07
3.720262500000000000e+07
3.726421875000000000e+07
3.732581250000000000e+07
3.738740625000000000e+07
3.744900000000000000e+07
3.751059375000000000e+07
3.757218750000000000e+07
3.763378125000000000e+07
3.769537500000000000e+07
3.775696875000000000e+07
3.781856250000000000e+07
3.788015625000000000e+07
3.794175000000000000e+07
3.800334375000000000e+07
3.806493750000000000e+07
3.812653125000000000e+07
3.818812500000000000e+07
3.824971875000000000e+07
3.831131250000000000e+07
3.837290625000000000e+07
3.843450000000000000e+07
3.849609375000000000e+07
3.855768750000000000e+07
3.861928125000000000e+07
3.868087500000000000e+07
3.874246875000000000e+07
3.880406250000000000e+07
3.886565625000000000e+07
3.892725000000000000e+07
3.898884375000000000e+07
3.905043750000000000e+07
3.911203125000000000e+07
3.917362500000000000e+07
3.923521875000000000e+07
3.929681250000000000e+07
3.935840625000000000e+07
3.942000000000000000e+07
3.948159375000000000e+07
3.954318750000000000e+07
3.960478125000000000e+07
3.966637500000000000e+07
3.972796875000000000e+07
3.978956250000000000e+07
3.985115625000000000e+07
3.991275000000000000e+07
3.997434375000000000e+07
4.003593750000000000e+07
4.009753125000000000e+07
4.015912500000000000e+07
4.022071875000000000e+07
4.028231250000000000e+07
4.034390625000000000e+07
4.040550000000000000e+07
4.046709375000000000e+07
4.052868750000000000e+07
4.059028125000000000e+07
4.065187500000000000e+07
4.071346875000000000e+07
4.077506250000000000e+07
4.083665625000000000e+07
4.089825000000000000e+07
4.095984375000000000e+07
4.102143750000000000e+07
4.108303125000000000e+07
4.114462500000000000e+07
4.120621875000000000e+07
4.126781250000000000e+07
4.132940625000000000e+07
4.139100000000000000e+07
4.145259375000000000e+07
4.151418750000000000e+07
4.157578125000000000e+07
4.163737500000000000e+07
4.169896875000000000e+07
4.176056250000000000e+07
4.182215625000000000e+07
4.188375000000000000e+07
4.194534375000000000e+07
4.200693750000000000e+07
4.206853125000000000e+07
4.213012500000000000e+07
4.219171875000000000e+07
4.225331250000000000e+07
4.231490625000000000e+07
4.237650000000000000e+07
4.243809375000000000e+07
4.249968750000000000e+07
4.256128125000000000e+07
4.262287500000000000e+07
4.268446875000000000e+07
4.274606250000000000e+07
4.280765625000000000e+07
4.286925000000000000e+07
4.293084375000000000e+07
4.299243750000000000e+07
4.305403125000000000e+07
4.311562500000000000e+07
4.317721875000000000e+07
4.323881250000000000e+07
4.330040625000000000e+07
4.336200000000000000e+07
4.342359375000000000e+07
4.348518750000000000e+07
4.354678125000000000e+07
4.360837500000000000e+07
4.366996875000000000e+07
4.373156250000000000e+07
4.379315625000000000e+07
4.385475000000000000e+07
4.391634375000000000e+07
4.397793750000000000e+07
4.403953125000000000e+07
4.410112500000000000e+07
4.416271875000000000e+07
4.422431250000000000e+07
4.428590625000000000e+07
4.434750000000000000e+07
4.440909375000000000e+07
4.447068750000000000e+07
4.453228125000000000e+07
4.459387500000000000e+07
4.465546875000000000e+07
4.471706250000000000e+07
4.477865625000000000e+07
4.484025000000000000e+07
4.490184375000000000e+07
4.496343750000000000e+07
4.502503125000000000e+07
4.508662500000000000e+07
4.514821875000000000e+07
4.520981250000000000e+07
4.527140625000000000e+07
4.533300000000000000e+07
4.539459375000000000e+07
4.545618750000000000e+07
4.551778125000000000e+07
4.557937500000000000e+07
4.564096875000000000e+07
4.570256250000000000e+07
4.576415625000000000e+07
4.582575000000000000e+07
4.588734375000000000e+07
4.594893750000000000e+07
4.601053125000000000e+07
4.607212500000000000e+07
4.613371875000000000e+07
4.619531250000000000e+07
4.625690625000000000e+07
4.631850000000000000e+07
4.638009375000000000e+07
4.644168750000000000e+07
4.650328125000000000e+07
4.656487500000000000e+07
4.662646875000000000e+07
4.668806250000000000e+07
4.674965625000000000e+07
4.681125000000000000e+07
4.687284375000000000e+07
4.693443750000000000e+07
4.699603125000000000e+07
4.705762500000000000e+07
4.711921875000000000e+07
4.718081250000000000e+07
4.724240625000000000e+07
4.730400000000000000e+07
4.736559375000000000e+07
4.742718750000000000e+07
4.748878125000000000e+07
4.755037500000000000e+07
4.761196875000000000e+07
4.767356250000000000e+07
4.773515625000000000e+07
4.779675000000000000e+07
4.785834375000000000e+07
4.791993750000000000e+07
4.798153125000000000e+07
4.804312500000000000e+07
4.810471875000000000e+07
4.816631250000000000e+07
4.822790625000000000e+07
4.828950000000000000e+07
4.835109375000000000e+07
4.841268750000000000e+07
4.847428125000000000e+07
4.853587500000000000e+07
4.859746875000000000e+07
4.865906250000000000e+07
4.872065625000000000e+07
4.878225000000000000e+07
4.884384375000000000e+07
4.890543750000000000e+07
4.896703125000000000e+07
4.902862500000000000e+07
4.909021875000000000e+07
4.915181250000000000e+07
4.921340625000000000e+07
4.927500000000000000e+07
4.933659375000000000e+07
4.939818750000000000e+07
4.945978125000000000e+07
4.952137500000000000e+07
4.958296875000000000e+07
4.964456250000000000e+07
4.970615625000000000e+07
4.976775000000000000e+07
4.982934375000000000e+07
4.989093750000000000e+07
4.995253125000000000e+07
5.001412500000000000e+07
5.007571875000000000e+07
5.013731250000000000e+07
5.019890625000000000e+07
5.026050000000000000e+07
5.032209375000000000e+07
5.038368750000000000e+07
5.044528125000000000e+07
5.050687500000000000e+07
5.056846875000000000e+07
5.063006250000000000e+07
5.069165625000000000e+07
5.075325000000000000e+07
5.081484375000000000e+07
5.087643750000000000e+07
5.093803125000000000e+07
5.099962500000000000e+07
5.106121875000000000e+07
5.112281250000000000e+07
5.118440625000000000e+07
5.124600000000000000e+07
5.130759375000000000e+07
5.136918750000000000e+07
5.143078125000000000e+07
5.149237500000000000e+07
5.155396875000000000e+07
5.161556250000000000e+07
5.167715625000000000e+07
5.173875000000000000e+07
5.180034375000000000e+07
5.186193750000000000e+07
5.192353125000000000e+07
5.198512500000000000e+07
5.204671875000000000e+07
5.210831250000000000e+07
5.216990625000000000e+07
5.223150000000000000e+07
5.229309375000000000e+07
5.235468750000000000e+07
5.241628125000000000e+07
5.247787500000000000e+07
5.253946875000000000e+07
5.260106250000000000e+07
5.266265625000000000e+07
5.272425000000000000e+07
5.278584375000000000e+07
5.284743750000000000e+07
5.290903125000000000e+07
5.297062500000000000e+07
5.303221875000000000e+07
5.309381250000000000e+07
5.315540625000000000e+07
5.321700000000000000e+07
5.327859375000000000e+07
5.334018750000000000e+07
5.340178125000000000e+07
5.346337500000000000e+07
5.352496875000000000e+07
5.358656250000000000e+07
5.364815625000000000e+07
5.370975000000000000e+07
5.377134375000000000e+07
5.383293750000000000e+07
5.389453125000000000e+07
5.395612500000000000e+07
5.401771875000000000e+07
5.407931250000000000e+07
5.414090625000000000e+07
5.420250000000000000e+07
5.426409375000000000e+07
5.432568750000000000e+07
5.438728125000000000e+07
5.444887500000000000e+07
5.451046875000000000e+07
5.457206250000000000e+07
5.463365625000000000e+07
5.469525000000000000e+07
5.475684375000000000e+07
5.481843750000000000e+07
5.488003125000000000e+07
5.494162500000000000e+07
5.500321875000000000e+07
5.506481250000000000e+07
5.512640625000000000e+07
5.518800000000000000e+07
5.524959375000000000e+07
5.531118750000000000e+07
5.537278125000000000e+07
5.543437500000000000e+07
5.549596875000000000e+07
5.555756250000000000e+07
5.561915625000000000e+07
5.568075000000000000e+07
5.574234375000000000e+07
5.580393750000000000e+07
5.586553125000000000e+07
5.592712500000000000e+07
5.598871875000000000e+07
5.605031250000000000e+07
5.611190625000000000e+07
5.617350000000000000e+07
5.623509375000000000e+07
5.629668750000000000e+07
5.635828125000000000e+07
5.641987500000000000e+07
5.648146875000000000e+07
5.654306250000000000e+07
5.660465625000000000e+07
5.666625000000000000e+07
5.672784375000000000e+07
5.678943750000000000e+07
5.685103125000000000e+07
5.691262500000000000e+07
5.697421875000000000e+07
5.703581250000000000e+07
5.709740625000000000e+07
5.715900000000000000e+07
5.722059375000000000e+07
5.728218750000000000e+07
5.734378125000000000e+07
5.740537500000000000e+07
5.746696875000000000e+07
5.752856250000000000e+07
5.759015625000000000e+07
5.765175000000000000e+07
5.771334375000000000e+07
5.777493750000000000e+07
5.783653125000000000e+07
5.789812500000000000e+07
5.795971875000000000e+07
5.802131250000000000e+07
5.808290625000000000e+07
5.814450000000000000e+07
5.820609375000000000e+07
5.826768750000000000e+07
5.832928125000000000e+07
5.839087500000000000e+07
5.845246875000000000e+07
5.851406250000000000e+07
5.857565625000000000e+07
5.863725000000000000e+07
5.869884375000000000e+07
5.876043750000000000e+07
5.882203125000000000e+07
5.888362500000000000e+07
5.894521875000000000e+07
5.900681250000000000e+07
5.906840625000000000e+07
5.913000000000000000e+07
5.919159375000000000e+07
5.925318750000000000e+07
5.931478125000000000e+07
5.937637500000000000e+07
5.943796875000000000e+07
5.949956250000000000e+07
5.956115625000000000e+07
5.962275000000000000e+07
5.968434375000000000e+07
5.974593750000000000e+07
5.980753125000000000e+07
5.986912500000000000e+07
5.993071875000000000e+07
5.999231250000000000e+07
6.005390625000000000e+07
6.011550000000000000e+07
6.017709375000000000e+07
6.023868750000000000e+07
6.030028125000000000e+07
6.036187500000000000e+07
6.042346875000000000e+07
6.048506250000000000e+07
6.054665625000000000e+07
6.060825000000000000e+07
6.066984375000000000e+07
6.073143750000000000e+07
6.079303125000000000e+07
6.085462500000000000e+07
6.091621875000000000e+07
6.097781250000000000e+07
6.103940625000000000e+07
6.110100000000000000e+07
6.116259375000000000e+07
6.122418750000000000e+07
6.128578125000000000e+07
6.134737500000000000e+07
6.140896875000000000e+07
6.147056250000000000e+07
6.153215625000000000e+07
6.159375000000000000e+07
6.165534375000000000e+07
6.171693750000000000e+07
6.177853125000000000e+07
6.184012500000000000e+07
6.190171875000000000e+07
6.196331250000000000e+07
6.202490625000000000e+07
6.208650000000000000e+07
6.214809375000000000e+07
6.220968750000000000e+07
6.227128125000000000e+07
6.233287500000000000e+07
6.239446875000000000e+07
6.245606250000000000e+07
6.251765625000000000e+07
6.257925000000000000e+07
6.264084375000000000e+07
6.270243750000000000e+07
6.276403125000000000e+07
6.282562500000000000e+07
6.288721875000000000e+07
6.294881250000000000e+07
6.301040625000000000e+07
6.307200000000000000e+07
6.313359375000000000e+07
6.319518750000000000e+07
6.325678125000000000e+07
6.331837500000000000e+07
6.337996875000000000e+07
6.344156250000000000e+07
6.350315625000000000e+07
6.356475000000000000e+07
6.362634375000000000e+07
6.368793750000000000e+07
6.374953125000000000e+07
6.381112500000000000e+07
6.387271875000000000e+07
6.393431250000000000e+07
6.399590625000000000e+07
6.405750000000000000e+07
6.411909375000000000e+07
6.418068750000000000e+07
6.424228125000000000e+07
6.430387500000000000e+07
6.436546875000000000e+07
6.442706250000000000e+07
6.448865625000000000e+07
6.455025000000000000e+07
6.461184375000000000e+07
6.467343750000000000e+07
6.473503125000000000e+07
6.479662500000000000e+07
6.485821875000000000e+07
6.491981250000000000e+07
6.498140625000000000e+07
6.504300000000000000e+07
6.510459375000000000e+07
6.516618750000000000e+07
6.522778125000000000e+07
6.528937500000000000e+07
6.535096875000000000e+07
6.541256250000000000e+07
6.547415625000000000e+07
6.553575000000000000e+07
6.559734375000000000e+07
6.565893750000000000e+07
6.572053125000000000e+07
6.578212500000000000e+07
6.584371875000000000e+07
6.590531250000000000e+07
6.596690625000000000e+07
6.602850000000000000e+07
6.609009375000000000e+07
6.615168750000000000e+07
6.621328125000000000e+07
6.627487500000000000e+07
6.633646875000000000e+07
6.639806250000000000e+07
6.645965625000000000e+07
6.652125000000000000e+07
6.658284375000000000e+07
6.664443750000000000e+07
6.670603125000000000e+07
6.676762500000000000e+07
6.682921875000000000e+07
6.689081250000000000e+07
6.695240625000000000e+07
6.701400000000000000e+07
6.707559375000000000e+07
6.713718750000000000e+07
6.719878125000000000e+07
6.726037500000000000e+07
6.732196875000000000e+07
6.738356250000000000e+07
6.744515625000000000e+07
6.750675000000000000e+07
6.756834375000000000e+07
6.762993750000000000e+07
6.769153125000000000e+07
6.775312500000000000e+07
6.781471875000000000e+07
6.787631250000000000e+07
6.793790625000000000e+07
6.799950000000000000e+07
6.806109375000000000e+07
6.812268750000000000e+07
6.818428125000000000e+07
6.824587500000000000e+07
6.830746875000000000e+07
6.836906250000000000e+07
6.843065625000000000e+07
6.849225000000000000e+07
6.855384375000000000e+07
6.861543750000000000e+07
6.867703125000000000e+07
6.873862500000000000e+07
6.880021875000000000e+07
6.886181250000000000e+07
6.892340625000000000e+07
6.898500000000000000e+07
6.904659375000000000e+07
6.910818750000000000e+07
6.916978125000000000e+07
6.923137500000000000e+07
6.929296875000000000e+07
6.935456250000000000e+07
6.941615625000000000e+07
6.947775000000000000e+07
6.953934375000000000e+07
6.960093750000000000e+07
6.966253125000000000e+07
6.972412500000000000e+07
6.978571875000000000e+07
6.984731250000000000e+07
6.990890625000000000e+07
6.997050000000000000e+07
7.003209375000000000e+07
7.009368750000000000e+07
7.015528125000000000e+07
7.021687500000000000e+07
7.027846875000000000e+07
7.034006250000000000e+07
7.040165625000000000e+07
7.046325000000000000e+07
7.052484375000000000e+07
7.058643750000000000e+07
7.064803125000000000e+07
7.070962500000000000e+07
7.077121875000000000e+07
7.083281250000000000e+07
7.089440625000000000e+07
7.095600000000000000e+07
7.101759375000000000e+07
7.107918750000000000e+07
7.114078125000000000e+07
7.120237500000000000e+07
7.126396875000000000e+07
7.132556250000000000e+07
7.138715625000000000e+07
7.144875000000000000e+07
7.151034375000000000e+07
7.157193750000000000e+07
7.163353125000000000e+07
7.169512500000000000e+07
7.175671875000000000e+07
7.181831250000000000e+07
7.187990625000000000e+07
7.194150000000000000e+07
7.200309375000000000e+07
7.206468750000000000e+07
7.212628125000000000e+07
7.218787500000000000e+07
7.224946875000000000e+07
7.231106250000000000e+07
7.237265625000000000e+07
7.243425000000000000e+07
7.249584375000000000e+07
7.255743750000000000e+07
7.261903125000000000e+07
7.268062500000000000e+07
7.274221875000000000e+07
7.280381250000000000e+07
7.286540625000000000e+07
7.292700000000000000e+07
7.298859375000000000e+07
7.305018750000000000e+07
7.311178125000000000e+07
7.317337500000000000e+07
7.323496875000000000e+07
7.329656250000000000e+07
7.335815625000000000e+07
7.341975000000000000e+07
7.348134375000000000e+07
7.354293750000000000e+07
7.360453125000000000e+07
7.366612500000000000e+07
7.372771875000000000e+07
7.378931250000000000e+07
7.385090625000000000e+07
7.391250000000000000e+07
7.397409375000000000e+07
7.403568750000000000e+07
7.409728125000000000e+07
7.415887500000000000e+07
7.422046875000000000e+07
7.428206250000000000e+07
7.434365625000000000e+07
7.440525000000000000e+07
7.446684375000000000e+07
7.452843750000000000e+07
7.459003125000000000e+07
7.465162500000000000e+07
7.471321875000000000e+07
7.477481250000000000e+07
7.483640625000000000e+07
7.489800000000000000e+07
7.495959375000000000e+07
7.502118750000000000e+07
7.508278125000000000e+07
7.514437500000000000e+07
7.520596875000000000e+07
7.526756250000000000e+07
7.532915625000000000e+07
7.539075000000000000e+07
7.545234375000000000e+07
7.551393750000000000e+07
7.557553125000000000e+07
7.563712500000000000e+07
7.569871875000000000e+07
7.576031250000000000e+07
7.582190625000000000e+07
7.588350000000000000e+07
7.594509375000000000e+07
7.600668750000000000e+07
7.606828125000000000e+07
7.612987500000000000e+07
7.619146875000000000e+07
7.625306250000000000e+07
7.631465625000000000e+07
7.637625000000000000e+07
7.643784375000000000e+07
7.649943750000000000e+07
7.656103125000000000e+07
7.662262500000000000e+07
7.668421875000000000e+07
7.674581250000000000e+07
7.680740625000000000e+07
7.686900000000000000e+07
7.693059375000000000e+07
7.699218750000000000e+07
7.705378125000000000e+07
7.711537500000000000e+07
7.717696875000000000e+07
7.723856250000000000e+07
7.730015625000000000e+07
7.736175000000000000e+07
7.742334375000000000e+07
7.748493750000000000e+07
7.754653125000000000e+07
7.760812500000000000e+07
7.766971875000000000e+07
7.773131250000000000e+07
7.779290625000000000e+07
7.785450000000000000e+07
7.791609375000000000e+07
7.797768750000000000e+07
7.803928125000000000e+07
7.810087500000000000e+07
7.816246875000000000e+07
7.822406250000000000e+07
7.828565625000000000e+07
7.834725000000000000e+07
7.840884375000000000e+07
7.847043750000000000e+07
7.853203125000000000e+07
7.859362500000000000e+07
7.865521875000000000e+07
7.871681250000000000e+07
7.877840625000000000e+07
7.884000000000000000e+07
7.890159375000000000e+07
7.896318750000000000e+07
7.902478125000000000e+07
7.908637500000000000e+07
7.914796875000000000e+07
7.920956250000000000e+07
7.927115625000000000e+07
7.933275000000000000e+07
7.939434375000000000e+07
7.945593750000000000e+07
7.951753125000000000e+07
7.957912500000000000e+07
7.964071875000000000e+07
7.970231250000000000e+07
7.976390625000000000e+07
7.982550000000000000e+07
7.988709375000000000e+07
7.994868750000000000e+07
8.001028125000000000e+07
8.007187500000000000e+07
8.013346875000000000e+07
8.019506250000000000e+07
8.025665625000000000e+07
8.031825000000000000e+07
8.037984375000000000e+07
8.044143750000000000e+07
8.050303125000000000e+07
8.056462500000000000e+07
8.062621875000000000e+07
8.068781250000000000e+07
8.074940625000000000e+07
8.081100000000000000e+07
8.087259375000000000e+07
8.093418750000000000e+07
8.099578125000000000e+07
8.105737500000000000e+07
8.111896875000000000e+07
8.118056250000000000e+07
8.124215625000000000e+07
8.130375000000000000e+07
8.136534375000000000e+07
8.142693750000000000e+07
8.148853125000000000e+07
8.155012500000000000e+07
8.161171875000000000e+07
8.167331250000000000e+07
8.173490625000000000e+07
8.179650000000000000e+07
8.185809375000000000e+07
8.191968750000000000e+07
8.198128125000000000e+07
8.204287500000000000e+07
8.210446875000000000e+07
8.216606250000000000e+07
8.222765625000000000e+07
8.228925000000000000e+07
8.235084375000000000e+07
8.241243750000000000e+07
8.247403125000000000e+07
8.253562500000000000e+07
8.259721875000000000e+07
8.265881250000000000e+07
8.272040625000000000e+07
8.278200000000000000e+07
8.284359375000000000e+07
8.290518750000000000e+07
8.296678125000000000e+07
8.302837500000000000e+07
8.308996875000000000e+07
8.315156250000000000e+07
8.321315625000000000e+07
8.327475000000000000e+07
8.333634375000000000e+07
8.339793750000000000e+07
8.345953125000000000e+07
8.352112500000000000e+07
8.358271875000000000e+07
8.364431250000000000e+07
8.370590625000000000e+07
8.376750000000000000e+07
8.382909375000000000e+07
8.389068750000000000e+07
8.395228125000000000e+07
8.401387500000000000e+07
8.407546875000000000e+07
8.413706250000000000e+07
8.419865625000000000e+07
8.426025000000000000e+07
8.432184375000000000e+07
8.438343750000000000e+07
8.444503125000000000e+07
8.450662500000000000e+07
8.456821875000000000e+07
8.462981250000000000e+07
8.469140625000000000e+07
8.475300000000000000e+07
8.481459375000000000e+07
8.487618750000000000e+07
8.493778125000000000e+07
8.499937500000000000e+07
8.506096875000000000e+07
8.512256250000000000e+07
8.518415625000000000e+07
8.524575000000000000e+07
8.530734375000000000e+07
8.536893750000000000e+07
8.543053125000000000e+07
8.549212500000000000e+07
8.555371875000000000e+07
8.561531250000000000e+07
8.567690625000000000e+07
8.573850000000000000e+07
8.580009375000000000e+07
8.586168750000000000e+07
8.592328125000000000e+07
8.598487500000000000e+07
8.604646875000000000e+07
8.610806250000000000e+07
8.616965625000000000e+07
8.623125000000000000e+07
8.629284375000000000e+07
8.635443750000000000e+07
8.641603125000000000e+07
8.647762500000000000e+07
8.653921875000000000e+07
8.660081250000000000e+07
8.666240625000000000e+07
8.672400000000000000e+07
8.678559375000000000e+07
8.684718750000000000e+07
8.690878125000000000e+07
8.697037500000000000e+07
8.703196875000000000e+07
8.709356250000000000e+07
8.715515625000000000e+07
8.721675000000000000e+07
8.727834375000000000e+07
8.733993750000000000e+07
8.740153125000000000e+07
8.746312500000000000e+07
8.752471875000000000e+07
8.758631250000000000e+07
8.764790625000000000e+07
8.770950000000000000e+07
8.777109375000000000e+07
8.783268750000000000e+07
8.789428125000000000e+07
8.795587500000000000e+07
8.801746875000000000e+07
8.807906250000000000e+07
8.814065625000000000e+07
8.820225000000000000e+07
8.826384375000000000e+07
8.832543750000000000e+07
8.838703125000000000e+07
8.844862500000000000e+07
8.851021875000000000e+07
8.857181250000000000e+07
8.863340625000000000e+07
8.869500000000000000e+07
8.875659375000000000e+07
8.881818750000000000e+07
8.887978125000000000e+07
8.894137500000000000e+07
8.900296875000000000e+07
8.906456250000000000e+07
8.912615625000000000e+07
8.918775000000000000e+07
8.924934375000000000e+07
8.931093750000000000e+07
8.937253125000000000e+07
8.943412500000000000e+07
8.949571875000000000e+07
8.955731250000000000e+07
8.961890625000000000e+07
8.968050000000000000e+07
8.974209375000000000e+07
8.980368750000000000e+07
8.986528125000000000e+07
8.992687500000000000e+07
8.998846875000000000e+07
9.005006250000000000e+07
9.011165625000000000e+07
9.017325000000000000e+07
9.023484375000000000e+07
9.029643750000000000e+07
9.035803125000000000e+07
9.041962500000000000e+07
9.048121875000000000e+07
9.054281250000000000e+07
9.060440625000000000e+07
9.066600000000000000e+07
9.072759375000000000e+07
9.078918750000000000e+07
9.085078125000000000e+07
9.091237500000000000e+07
9.097396875000000000e+07
9.103556250000000000e+07
9.109715625000000000e+07
9.115875000000000000e+07
9.122034375000000000e+07
9.128193750000000000e+07
9.134353125000000000e+07
9.140512500000000000e+07
9.146671875000000000e+07
9.152831250000000000e+07
9.158990625000000000e+07
9.165150000000000000e+07
9.171309375000000000e+07
9.177468750000000000e+07
9.183628125000000000e+07
9.189787500000000000e+07
9.195946875000000000e+07
9.202106250000000000e+07
9.208265625000000000e+07
9.214425000000000000e+07
9.220584375000000000e+07
9.226743750000000000e+07
9.232903125000000000e+07
9.239062500000000000e+07
9.245221875000000000e+07
9.251381250000000000e+07
9.257540625000000000e+07
9.263700000000000000e+07
9.269859375000000000e+07
9.276018750000000000e+07
9.282178125000000000e+07
9.288337500000000000e+07
9.294496875000000000e+07
9.300656250000000000e+07
9.306815625000000000e+07
9.312975000000000000e+07
9.319134375000000000e+07
9.325293750000000000e+07
9.331453125000000000e+07
9.337612500000000000e+07
9.343771875000000000e+07
9.349931250000000000e+07
9.356090625000000000e+07
9.362250000000000000e+07
9.368409375000000000e+07
9.374568750000000000e+07
9.380728125000000000e+07
9.386887500000000000e+07
9.393046875000000000e+07
9.399206250000000000e+07
9.405365625000000000e+07
9.411525000000000000e+07
9.417684375000000000e+07
9.423843750000000000e+07
9.430003125000000000e+07
9.436162500000000000e+07
9.442321875000000000e+07
9.448481250000000000e+07
9.454640625000000000e+07
9.460800000000000000e+07
9.466959375000000000e+07
9.473118750000000000e+07
9.479278125000000000e+07
9.485437500000000000e+07
9.491596875000000000e+07
9.497756250000000000e+07
9.503915625000000000e+07
9.510075000000000000e+07
9.516234375000000000e+07
9.522393750000000000e+07
9.528553125000000000e+07
9.534712500000000000e+07
9.540871875000000000e+07
9.547031250000000000e+07
9.553190625000000000e+07
9.559350000000000000e+07
9.565509375000000000e+07
9.571668750000000000e+07
9.577828125000000000e+07
9.583987500000000000e+07
9.590146875000000000e+07
9.596306250000000000e+07
9.602465625000000000e+07
9.608625000000000000e+07
9.614784375000000000e+07
9.620943750000000000e+07
9.627103125000000000e+07
9.633262500000000000e+07
9.639421875000000000e+07
9.645581250000000000e+07
9.651740625000000000e+07
9.657900000000000000e+07
9.664059375000000000e+07
9.670218750000000000e+07
9.676378125000000000e+07
9.682537500000000000e+07
9.688696875000000000e+07
9.694856250000000000e+07
9.701015625000000000e+07
9.707175000000000000e+07
9.713334375000000000e+07
9.719493750000000000e+07
9.725653125000000000e+07
9.731812500000000000e+07
9.737971875000000000e+07
9.744131250000000000e+07
9.750290625000000000e+07
9.756450000000000000e+07
9.762609375000000000e+07
9.768768750000000000e+07
9.774928125000000000e+07
9.781087500000000000e+07
9.787246875000000000e+07
9.793406250000000000e+07
9.799565625000000000e+07
9.805725000000000000e+07
9.811884375000000000e+07
9.818043750000000000e+07
9.824203125000000000e+07
9.830362500000000000e+07
9.836521875000000000e+07
9.842681250000000000e+07
9.848840625000000000e+07
9.855000000000000000e+07
9.861159375000000000e+07
9.867318750000000000e+07
9.873478125000000000e+07
9.879637500000000000e+07
9.885796875000000000e+07
9.891956250000000000e+07
9.898115625000000000e+07
9.904275000000000000e+07
9.910434375000000000e+07
9.916593750000000000e+07
9.922753125000000000e+07
9.928912500000000000e+07
9.935071875000000000e+07
9.941231250000000000e+07
9.947390625000000000e+07
9.953550000000000000e+07
9.959709375000000000e+07
9.965868750000000000e+07
9.972028125000000000e+07
9.978187500000000000e+07
9.984346875000000000e+07
9.990506250000000000e+07
9.996665625000000000e+07
1.000282500000000000e+08
1.000898437500000000e+08
1.001514375000000000e+08
1.002130312500000000e+08
1.002746250000000000e+08
1.003362187500000000e+08
1.003978125000000000e+08
1.004594062500000000e+08
1.005210000000000000e+08
1.005825937500000000e+08
1.006441875000000000e+08
1.007057812500000000e+08
1.007673750000000000e+08
1.008289687500000000e+08
1.008905625000000000e+08
1.009521562500000000e+08
1.010137500000000000e+08
1.010753437500000000e+08
1.011369375000000000e+08
1.011985312500000000e+08
1.012601250000000000e+08
1.013217187500000000e+08
1.013833125000000000e+08
1.014449062500000000e+08
1.015065000000000000e+08
1.015680937500000000e+08
1.016296875000000000e+08
1.016912812500000000e+08
1.017528750000000000e+08
1.018144687500000000e+08
1.018760625000000000e+08
1.019376562500000000e+08
1.019992500000000000e+08
1.020608437500000000e+08
1.021224375000000000e+08
1.021840312500000000e+08
1.022456250000000000e+08
1.023072187500000000e+08
1.023688125000000000e+08
1.024304062500000000e+08
1.024920000000000000e+08
1.025535937500000000e+08
1.026151875000000000e+08
1.026767812500000000e+08
1.027383750000000000e+08
1.027999687500000000e+08
1.028615625000000000e+08
1.029231562500000000e+08
1.029847500000000000e+08
1.030463437500000000e+08
1.031079375000000000e+08
1.031695312500000000e+08
1.032311250000000000e+08
1.032927187500000000e+08
1.033543125000000000e+08
1.034159062500000000e+08
1.034775000000000000e+08
1.035390937500000000e+08
1.036006875000000000e+08
1.036622812500000000e+08
1.037238750000000000e+08
1.037854687500000000e+08
1.038470625000000000e+08
1.039086562500000000e+08
1.039702500000000000e+08
1.040318437500000000e+08
1.040934375000000000e+08
1.041550312500000000e+08
1.042166250000000000e+08
1.042782187500000000e+08
1.043398125000000000e+08
1.044014062500000000e+08
1.044630000000000000e+08
1.045245937500000000e+08
1.045861875000000000e+08
1.046477812500000000e+08
1.047093750000000000e+08
1.047709687500000000e+08
1.048325625000000000e+08
1.048941562500000000e+08
1.049557500000000000e+08
1.050173437500000000e+08
1.050789375000000000e+08
1.051405312500000000e+08
1.052021250000000000e+08
1.052637187500000000e+08
1.053253125000000000e+08
1.053869062500000000e+08
1.054485000000000000e+08
1.055100937500000000e+08
1.055716875000000000e+08
1.056332812500000000e+08
1.056948750000000000e+08
1.057564687500000000e+08
1.058180625000000000e+08
1.058796562500000000e+08
1.059412500000000000e+08
1.060028437500000000e+08
1.060644375000000000e+08
1.061260312500000000e+08
1.061876250000000000e+08
1.062492187500000000e+08
1.063108125000000000e+08
1.063724062500000000e+08
1.064340000000000000e+08
1.064955937500000000e+08
1.065571875000000000e+08
1.066187812500000000e+08
1.066803750000000000e+08
1.067419687500000000e+08
1.068035625000000000e+08
1.068651562500000000e+08
1.069267500000000000e+08
1.069883437500000000e+08
1.070499375000000000e+08
1.071115312500000000e+08
1.071731250000000000e+08
1.072347187500000000e+08
1.072963125000000000e+08
1.073579062500000000e+08
1.074195000000000000e+08
1.074810937500000000e+08
1.075426875000000000e+08
1.076042812500000000e+08
1.076658750000000000e+08
1.077274687500000000e+08
1.077890625000000000e+08
1.078506562500000000e+08
1.079122500000000000e+08
1.079738437500000000e+08
1.080354375000000000e+08
1.080970312500000000e+08
1.081586250000000000e+08
1.082202187500000000e+08
1.082818125000000000e+08
1.083434062500000000e+08
1.084050000000000000e+08
1.084665937500000000e+08
1.085281875000000000e+08
1.085897812500000000e+08
1.086513750000000000e+08
1.087129687500000000e+08
1.087745625000000000e+08
1.088361562500000000e+08
1.088977500000000000e+08
1.089593437500000000e+08
1.090209375000000000e+08
1.090825312500000000e+08
1.091441250000000000e+08
1.092057187500000000e+08
1.092673125000000000e+08
1.093289062500000000e+08
1.093905000000000000e+08
1.094520937500000000e+08
1.095136875000000000e+08
1.095752812500000000e+08
1.096368750000000000e+08
1.096984687500000000e+08
1.097600625000000000e+08
1.098216562500000000e+08
1.098832500000000000e+08
1.099448437500000000e+08
1.100064375000000000e+08
1.100680312500000000e+08
1.101296250000000000e+08
1.101912187500000000e+08
1.102528125000000000e+08
1.103144062500000000e+08
1.103760000000000000e+08
1.104375937500000000e+08
1.104991875000000000e+08
1.105607812500000000e+08
1.106223750000000000e+08
1.106839687500000000e+08
1.107455625000000000e+08
1.108071562500000000e+08
1.108687500000000000e+08
1.109303437500000000e+08
1.109919375000000000e+08
1.110535312500000000e+08
1.111151250000000000e+08
1.111767187500000000e+08
1.112383125000000000e+08
1.112999062500000000e+08
1.113615000000000000e+08
1.114230937500000000e+08
1.114846875000000000e+08
1.115462812500000000e+08
1.116078750000000000e+08
1.116694687500000000e+08
1.117310625000000000e+08
1.117926562500000000e+08
1.118542500000000000e+08
1.119158437500000000e+08
1.119774375000000000e+08
1.120390312500000000e+08
1.121006250000000000e+08
1.121622187500000000e+08
1.122238125000000000e+08
1.122854062500000000e+08
1.123470000000000000e+08
1.124085937500000000e+08
1.124701875000000000e+08
1.125317812500000000e+08
1.125933750000000000e+08
1.126549687500000000e+08
1.127165625000000000e+08
1.127781562500000000e+08
1.128397500000000000e+08
1.129013437500000000e+08
1.129629375000000000e+08
1.130245312500000000e+08
1.130861250000000000e+08
1.131477187500000000e+08
1.132093125000000000e+08
1.132709062500000000e+08
1.133325000000000000e+08
1.133940937500000000e+08
1.134556875000000000e+08
1.135172812500000000e+08
1.135788750000000000e+08
1.136404687500000000e+08
1.137020625000000000e+08
1.137636562500000000e+08
1.138252500000000000e+08
1.138868437500000000e+08
1.139484375000000000e+08
1.140100312500000000e+08
1.140716250000000000e+08
1.141332187500000000e+08
1.141948125000000000e+08
1.142564062500000000e+08
1.143180000000000000e+08
1.143795937500000000e+08
1.144411875000000000e+08
1.145027812500000000e+08
1.145643750000000000e+08
1.146259687500000000e+08
1.146875625000000000e+08
1.147491562500000000e+08
1.148107500000000000e+08
1.148723437500000000e+08
1.149339375000000000e+08
1.149955312500000000e+08
1.150571250000000000e+08
1.151187187500000000e+08
1.151803125000000000e+08
1.152419062500000000e+08
1.153035000000000000e+08
1.153650937500000000e+08
1.154266875000000000e+08
1.154882812500000000e+08
1.155498750000000000e+08
1.156114687500000000e+08
1.156730625000000000e+08
1.157346562500000000e+08
1.157962500000000000e+08
1.158578437500000000e+08
1.159194375000000000e+08
1.159810312500000000e+08
1.160426250000000000e+08
1.161042187500000000e+08
1.161658125000000000e+08
1.162274062500000000e+08
1.162890000000000000e+08
1.163505937500000000e+08
1.164121875000000000e+08
1.164737812500000000e+08
1.165353750000000000e+08
1.165969687500000000e+08
1.166585625000000000e+08
1.167201562500000000e+08
1.167817500000000000e+08
1.168433437500000000e+08
1.169049375000000000e+08
1.169665312500000000e+08
1.170281250000000000e+08
1.170897187500000000e+08
1.171513125000000000e+08
1.172129062500000000e+08
1.172745000000000000e+08
1.173360937500000000e+08
1.173976875000000000e+08
1.174592812500000000e+08
1.175208750000000000e+08
1.175824687500000000e+08
1.176440625000000000e+08
1.177056562500000000e+08
1.177672500000000000e+08
1.178288437500000000e+08
1.178904375000000000e+08
1.179520312500000000e+08
1.180136250000000000e+08
1.180752187500000000e+08
1.181368125000000000e+08
1.181984062500000000e+08
1.182600000000000000e+08
1.183215937500000000e+08
1.183831875000000000e+08
1.184447812500000000e+08
1.185063750000000000e+08
1.185679687500000000e+08
1.186295625000000000e+08
1.186911562500000000e+08
1.187527500000000000e+08
1.188143437500000000e+08
1.188759375000000000e+08
1.189375312500000000e+08
1.189991250000000000e+08
1.190607187500000000e+08
1.191223125000000000e+08
1.191839062500000000e+08
1.192455000000000000e+08
1.193070937500000000e+08
1.193686875000000000e+08
1.194302812500000000e+08
1.194918750000000000e+08
1.195534687500000000e+08
1.196150625000000000e+08
1.196766562500000000e+08
1.197382500000000000e+08
1.197998437500000000e+08
1.198614375000000000e+08
1.199230312500000000e+08
1.199846250000000000e+08
1.200462187500000000e+08
1.201078125000000000e+08
1.201694062500000000e+08
1.202310000000000000e+08
1.202925937500000000e+08
1.203541875000000000e+08
1.204157812500000000e+08
1.204773750000000000e+08
1.205389687500000000e+08
1.206005625000000000e+08
1.206621562500000000e+08
1.207237500000000000e+08
1.207853437500000000e+08
1.208469375000000000e+08
1.209085312500000000e+08
1.209701250000000000e+08
1.210317187500000000e+08
1.210933125000000000e+08
1.211549062500000000e+08
1.212165000000000000e+08
1.212780937500000000e+08
1.213396875000000000e+08
1.214012812500000000e+08
1.214628750000000000e+08
1.215244687500000000e+08
1.215860625000000000e+08
1.216476562500000000e+08
1.217092500000000000e+08
1.217708437500000000e+08
1.218324375000000000e+08
1.218940312500000000e+08
1.219556250000000000e+08
1.220172187500000000e+08
1.220788125000000000e+08
1.221404062500000000e+08
1.222020000000000000e+08
1.222635937500000000e+08
1.223251875000000000e+08
1.223867812500000000e+08
1.224483750000000000e+08
1.225099687500000000e+08
1.225715625000000000e+08
1.226331562500000000e+08
1.226947500000000000e+08
1.227563437500000000e+08
1.228179375000000000e+08
1.228795312500000000e+08
1.229411250000000000e+08
1.230027187500000000e+08
1.230643125000000000e+08
1.231259062500000000e+08
1.231875000000000000e+08
1.232490937500000000e+08
1.233106875000000000e+08
1.233722812500000000e+08
1.234338750000000000e+08
1.234954687500000000e+08
1.235570625000000000e+08
1.236186562500000000e+08
1.236802500000000000e+08
1.237418437500000000e+08
1.238034375000000000e+08
1.238650312500000000e+08
1.239266250000000000e+08
1.239882187500000000e+08
1.240498125000000000e+08
1.241114062500000000e+08
1.241730000000000000e+08
1.242345937500000000e+08
1.242961875000000000e+08
1.243577812500000000e+08
1.244193750000000000e+08
1.244809687500000000e+08
1.245425625000000000e+08
1.246041562500000000e+08
1.246657500000000000e+08
1.247273437500000000e+08
1.247889375000000000e+08
1.248505312500000000e+08
1.249121250000000000e+08
1.249737187500000000e+08
1.250353125000000000e+08
1.250969062500000000e+08
1.251585000000000000e+08
1.252200937500000000e+08
1.252816875000000000e+08
1.253432812500000000e+08
1.254048750000000000e+08
1.254664687500000000e+08
1.255280625000000000e+08
1.255896562500000000e+08
1.256512500000000000e+08
1.257128437500000000e+08
1.257744375000000000e+08
1.258360312500000000e+08
1.258976250000000000e+08
1.259592187500000000e+08
1.260208125000000000e+08
1.260824062500000000e+08
